ID,Escopo Autuação,Mês,UF,Amparo Legal,Descrição Infração,Quantidade Autos
60ab8f18ef5d383ce8403de0,CMT - Capacidade Máxima de Tração,1,ES,"Lei 9503/97 Lei 10561/02 Res. CONTRAN nº 210/06, 211/06 e 258/07 e alterações Portaria DENATRAN 63/09 e 59/07 e alterações ",Transitar com o veículo excedendo a CMT acima de 1000 kg,1
60ab8f18ef5d383ce8403de1,CMT - Capacidade Máxima de Tração,1,MG,"Lei 9503/97 Lei 10561/02 Res. CONTRAN nº 210/06, 211/06 e 258/07 e alterações Portaria DENATRAN 63/09 e 59/07 e alterações ",Transitar com o veículo excedendo a CMT em até 600 kg,2
60ab8f18ef5d383ce8403de2,CMT - Capacidade Máxima de Tração,1,MG,"Lei 9503/97 Lei 10561/02 Res. CONTRAN nº 210/06, 211/06 e 258/07 e alterações Portaria DENATRAN 63/09 e 59/07 e alterações ",Transitar com o veículo excedendo a CMT acima de 1000 kg,3
60ab8f18ef5d383ce8403de3,CMT - Capacidade Máxima de Tração,1,MS,"Lei 9503/97 Lei 10561/02 Res. CONTRAN nº 210/06, 211/06 e 258/07 e alterações Portaria DENATRAN 63/09 e 59/07 e alterações ",Transitar com o veículo excedendo a CMT acima de 1000 kg,2
60ab8f18ef5d383ce8403de4,CMT - Capacidade Máxima de Tração,1,RJ,"Lei 9503/97 Lei 10561/02 Res. CONTRAN nº 210/06, 211/06 e 258/07 e alterações Portaria DENATRAN 63/09 e 59/07 e alterações ",Transitar com o veículo excedendo a CMT entre 601 e 1000 kg,8
60ab8f18ef5d383ce8403de5,CMT - Capacidade Máxima de Tração,1,RJ,"Lei 9503/97 Lei 10561/02 Res. CONTRAN nº 210/06, 211/06 e 258/07 e alterações Portaria DENATRAN 63/09 e 59/07 e alterações ",Transitar com o veículo excedendo a CMT acima de 1000 kg,9
60ab8f18ef5d383ce8403de6,CMT - Capacidade Máxima de Tração,1,RJ,"Lei 9503/97 Lei 10561/02 Res. CONTRAN nº 210/06, 211/06 e 258/07 e alterações Portaria DENATRAN 63/09 e 59/07 e alterações ",Transitar com o veículo excedendo a CMT em até 600 kg,12
60ab8f18ef5d383ce8403de7,CMT - Capacidade Máxima de Tração,1,SC,"Lei 9503/97 Lei 10561/02 Res. CONTRAN nº 210/06, 211/06 e 258/07 e alterações Portaria DENATRAN 63/09 e 59/07 e alterações ",Transitar com o veículo excedendo a CMT acima de 1000 kg,1
60ab8f18ef5d383ce8403de8,Evasão de Balança,1,ES,"Lei 9503 DE 23/09/1997 Transpor, sem autorização, bloqueio viário com ou sem sinalização ou dispositivos auxiliares, deixar de adentrar às áreas destinadas à pesagem de veículos ou evadir-se para não efetuar o pagamento do pedágio.",Art. 209 Deixar de adentrar as áreas destinadas à pesagem de veículos,448
60ab8f18ef5d383ce8403de9,Evasão de Balança,1,RJ,"Lei 9503 DE 23/09/1997 Transpor, sem autorização, bloqueio viário com ou sem sinalização ou dispositivos auxiliares, deixar de adentrar às áreas destinadas à pesagem de veículos ou evadir-se para não efetuar o pagamento do pedágio.",Art. 209 Deixar de adentrar as áreas destinadas à pesagem de veículos,2053
60ab8f18ef5d383ce8403dea,Excesso de Peso,1,BA,"Lei 9503/97 Lei 10561/02 Res. CONTRAN nº 210/06, 211/06 e 258/07 e alterações Portaria DENATRAN 63/09 e 59/07 e alterações ",Transitar com o veículo com excesso de peso - PBT/PBTC,15
60ab8f18ef5d383ce8403deb,Excesso de Peso,1,ES,"Lei 9503/97 Lei 10561/02 Res. CONTRAN nº 210/06, 211/06 e 258/07 e alterações Portaria DENATRAN 63/09 e 59/07 e alterações ",Transitar com o veículo com excesso de peso - PBT/PBTC,158
60ab8f18ef5d383ce8403dec,Excesso de Peso,1,ES,"Lei 9503/97 Lei 10561/02 Res. CONTRAN nº 210/06, 211/06 e 258/07 e alterações Portaria DENATRAN 63/09 e 59/07 e alterações ",Transitar com o veículo com excesso de peso - PBT/PBTC e Por Eixo,184
60ab8f18ef5d383ce8403ded,Excesso de Peso,1,ES,"Lei 9503/97 Lei 10561/02 Res. CONTRAN nº 210/06, 211/06 e 258/07 e alterações Portaria DENATRAN 63/09 e 59/07 e alterações ",Transitar com o veículo com excesso de peso - Por Eixo,1546
60ab8f18ef5d383ce8403dee,Excesso de Peso,1,MG,"Lei 9503/97 Lei 10561/02 Res. CONTRAN nº 210/06, 211/06 e 258/07 e alterações Portaria DENATRAN 63/09 e 59/07 e alterações ",Transitar com o veículo com excesso de peso - PBT/PBTC,263
60ab8f18ef5d383ce8403def,Excesso de Peso,1,MG,"Lei 9503/97 Lei 10561/02 Res. CONTRAN nº 210/06, 211/06 e 258/07 e alterações Portaria DENATRAN 63/09 e 59/07 e alterações ",Transitar com o veículo com excesso de peso - PBT/PBTC e Por Eixo,341
60ab8f18ef5d383ce8403df0,Excesso de Peso,1,MG,"Lei 9503/97 Lei 10561/02 Res. CONTRAN nº 210/06, 211/06 e 258/07 e alterações Portaria DENATRAN 63/09 e 59/07 e alterações ",Transitar com o veículo com excesso de peso - Por Eixo,2372
60ab8f18ef5d383ce8403df1,Excesso de Peso,1,MS,"Lei 9503/97 Lei 10561/02 Res. CONTRAN nº 210/06, 211/06 e 258/07 e alterações Portaria DENATRAN 63/09 e 59/07 e alterações ",Transitar com o veículo com excesso de peso - PBT/PBTC,6
60ab8f18ef5d383ce8403df2,Excesso de Peso,1,MS,"Lei 9503/97 Lei 10561/02 Res. CONTRAN nº 210/06, 211/06 e 258/07 e alterações Portaria DENATRAN 63/09 e 59/07 e alterações ",Transitar com o veículo com excesso de peso - PBT/PBTC e Por Eixo,28
60ab8f18ef5d383ce8403df3,Excesso de Peso,1,MS,"Lei 9503/97 Lei 10561/02 Res. CONTRAN nº 210/06, 211/06 e 258/07 e alterações Portaria DENATRAN 63/09 e 59/07 e alterações ",Transitar com o veículo com excesso de peso - Por Eixo,89
60ab8f18ef5d383ce8403df4,Excesso de Peso,1,MT,"Lei 9503/97 Lei 10561/02 Res. CONTRAN nº 210/06, 211/06 e 258/07 e alterações Portaria DENATRAN 63/09 e 59/07 e alterações ",Transitar com o veículo com excesso de peso - PBT/PBTC,9
60ab8f18ef5d383ce8403df5,Excesso de Peso,1,MT,"Lei 9503/97 Lei 10561/02 Res. CONTRAN nº 210/06, 211/06 e 258/07 e alterações Portaria DENATRAN 63/09 e 59/07 e alterações ",Transitar com o veículo com excesso de peso - PBT/PBTC e Por Eixo,20
60ab8f18ef5d383ce8403df6,Excesso de Peso,1,MT,"Lei 9503/97 Lei 10561/02 Res. CONTRAN nº 210/06, 211/06 e 258/07 e alterações Portaria DENATRAN 63/09 e 59/07 e alterações ",Transitar com o veículo com excesso de peso - Por Eixo,302
60ab8f18ef5d383ce8403df7,Excesso de Peso,1,PR,"Lei 9503/97 Lei 10561/02 Res. CONTRAN nº 210/06, 211/06 e 258/07 e alterações Portaria DENATRAN 63/09 e 59/07 e alterações ",Transitar com o veículo com excesso de peso - PBT/PBTC e Por Eixo,84
60ab8f18ef5d383ce8403df8,Excesso de Peso,1,PR,"Lei 9503/97 Lei 10561/02 Res. CONTRAN nº 210/06, 211/06 e 258/07 e alterações Portaria DENATRAN 63/09 e 59/07 e alterações ",Transitar com o veículo com excesso de peso - PBT/PBTC,96
60ab8f18ef5d383ce8403df9,Excesso de Peso,1,PR,"Lei 9503/97 Lei 10561/02 Res. CONTRAN nº 210/06, 211/06 e 258/07 e alterações Portaria DENATRAN 63/09 e 59/07 e alterações ",Transitar com o veículo com excesso de peso - Por Eixo,767
60ab8f18ef5d383ce8403dfa,Excesso de Peso,1,RJ,Resolução ANTT Nº 4282 DE 17/03/2014,"Realizar transporte permissionado de passageiros, sem a emissão de bilhete.",1
60ab8f18ef5d383ce8403dfb,Excesso de Peso,1,RJ,"Lei 9503/97 Lei 10561/02 Res. CONTRAN nº 210/06, 211/06 e 258/07 e alterações Portaria DENATRAN 63/09 e 59/07 e alterações ",Transitar com o veículo com excesso de peso - PBT/PBTC,751
60ab8f18ef5d383ce8403dfc,Excesso de Peso,1,RJ,"Lei 9503/97 Lei 10561/02 Res. CONTRAN nº 210/06, 211/06 e 258/07 e alterações Portaria DENATRAN 63/09 e 59/07 e alterações ",Transitar com o veículo com excesso de peso - PBT/PBTC e Por Eixo,893
60ab8f18ef5d383ce8403dfd,Excesso de Peso,1,RJ,"Lei 9503/97 Lei 10561/02 Res. CONTRAN nº 210/06, 211/06 e 258/07 e alterações Portaria DENATRAN 63/09 e 59/07 e alterações ",Transitar com o veículo com excesso de peso - Por Eixo,3303
60ab8f18ef5d383ce8403dfe,Excesso de Peso,1,RS,"Lei 9503/97 Lei 10561/02 Res. CONTRAN nº 210/06, 211/06 e 258/07 e alterações Portaria DENATRAN 63/09 e 59/07 e alterações ",Transitar com o veículo com excesso de peso - PBT/PBTC,15
60ab8f18ef5d383ce8403dff,Excesso de Peso,1,RS,"Lei 9503/97 Lei 10561/02 Res. CONTRAN nº 210/06, 211/06 e 258/07 e alterações Portaria DENATRAN 63/09 e 59/07 e alterações ",Transitar com o veículo com excesso de peso - PBT/PBTC e Por Eixo,18
60ab8f18ef5d383ce8403e00,Excesso de Peso,1,RS,"Lei 9503/97 Lei 10561/02 Res. CONTRAN nº 210/06, 211/06 e 258/07 e alterações Portaria DENATRAN 63/09 e 59/07 e alterações ",Transitar com o veículo com excesso de peso - Por Eixo,251
60ab8f18ef5d383ce8403e01,Excesso de Peso,1,SC,"Lei 9503/97 Lei 10561/02 Res. CONTRAN nº 210/06, 211/06 e 258/07 e alterações Portaria DENATRAN 63/09 e 59/07 e alterações ",Transitar com o veículo com excesso de peso - PBT/PBTC,159
60ab8f18ef5d383ce8403e02,Excesso de Peso,1,SC,"Lei 9503/97 Lei 10561/02 Res. CONTRAN nº 210/06, 211/06 e 258/07 e alterações Portaria DENATRAN 63/09 e 59/07 e alterações ",Transitar com o veículo com excesso de peso - PBT/PBTC e Por Eixo,258
60ab8f18ef5d383ce8403e03,Excesso de Peso,1,SC,"Lei 9503/97 Lei 10561/02 Res. CONTRAN nº 210/06, 211/06 e 258/07 e alterações Portaria DENATRAN 63/09 e 59/07 e alterações ",Transitar com o veículo com excesso de peso - Por Eixo,1674
60ab8f18ef5d383ce8403e04,Excesso de Peso,1,SP,"Lei 9503/97 Lei 10561/02 Res. CONTRAN nº 210/06, 211/06 e 258/07 e alterações Portaria DENATRAN 63/09 e 59/07 e alterações ",Transitar com o veículo com excesso de peso - PBT/PBTC,115
60ab8f18ef5d383ce8403e05,Excesso de Peso,1,SP,"Lei 9503/97 Lei 10561/02 Res. CONTRAN nº 210/06, 211/06 e 258/07 e alterações Portaria DENATRAN 63/09 e 59/07 e alterações ",Transitar com o veículo com excesso de peso - PBT/PBTC e Por Eixo,134
60ab8f18ef5d383ce8403e06,Excesso de Peso,1,SP,"Lei 9503/97 Lei 10561/02 Res. CONTRAN nº 210/06, 211/06 e 258/07 e alterações Portaria DENATRAN 63/09 e 59/07 e alterações ",Transitar com o veículo com excesso de peso - Por Eixo,1621
60ab8f18ef5d383ce8403e07,CMT - Capacidade Máxima de Tração,2,ES,"Lei 9503/97 Lei 10561/02 Res. CONTRAN nº 210/06, 211/06 e 258/07 e alterações Portaria DENATRAN 63/09 e 59/07 e alterações ",Transitar com o veículo excedendo a CMT acima de 1000 kg,6
60ab8f18ef5d383ce8403e08,CMT - Capacidade Máxima de Tração,2,MG,"Lei 9503/97 Lei 10561/02 Res. CONTRAN nº 210/06, 211/06 e 258/07 e alterações Portaria DENATRAN 63/09 e 59/07 e alterações ",Transitar com o veículo excedendo a CMT em até 600 kg,1
60ab8f18ef5d383ce8403e09,CMT - Capacidade Máxima de Tração,2,MG,"Lei 9503/97 Lei 10561/02 Res. CONTRAN nº 210/06, 211/06 e 258/07 e alterações Portaria DENATRAN 63/09 e 59/07 e alterações ",Transitar com o veículo excedendo a CMT entre 601 e 1000 kg,1
60ab8f18ef5d383ce8403e0a,CMT - Capacidade Máxima de Tração,2,MS,"Lei 9503/97 Lei 10561/02 Res. CONTRAN nº 210/06, 211/06 e 258/07 e alterações Portaria DENATRAN 63/09 e 59/07 e alterações ",Transitar com o veículo excedendo a CMT acima de 1000 kg,2
60ab8f18ef5d383ce8403e0b,CMT - Capacidade Máxima de Tração,2,PR,"Lei 9503/97 Lei 10561/02 Res. CONTRAN nº 210/06, 211/06 e 258/07 e alterações Portaria DENATRAN 63/09 e 59/07 e alterações ",Transitar com o veículo excedendo a CMT em até 600 kg,1
60ab8f18ef5d383ce8403e0c,CMT - Capacidade Máxima de Tração,2,RJ,"Lei 9503/97 Lei 10561/02 Res. CONTRAN nº 210/06, 211/06 e 258/07 e alterações Portaria DENATRAN 63/09 e 59/07 e alterações ",Transitar com o veículo excedendo a CMT entre 601 e 1000 kg,1
60ab8f18ef5d383ce8403e0d,CMT - Capacidade Máxima de Tração,2,RJ,"Lei 9503/97 Lei 10561/02 Res. CONTRAN nº 210/06, 211/06 e 258/07 e alterações Portaria DENATRAN 63/09 e 59/07 e alterações ",Transitar com o veículo excedendo a CMT em até 600 kg,7
60ab8f18ef5d383ce8403e0e,CMT - Capacidade Máxima de Tração,2,RJ,"Lei 9503/97 Lei 10561/02 Res. CONTRAN nº 210/06, 211/06 e 258/07 e alterações Portaria DENATRAN 63/09 e 59/07 e alterações ",Transitar com o veículo excedendo a CMT acima de 1000 kg,11
60ab8f18ef5d383ce8403e0f,CMT - Capacidade Máxima de Tração,2,RS,"Lei 9503/97 Lei 10561/02 Res. CONTRAN nº 210/06, 211/06 e 258/07 e alterações Portaria DENATRAN 63/09 e 59/07 e alterações ",Transitar com o veículo excedendo a CMT entre 601 e 1000 kg,1
60ab8f18ef5d383ce8403e10,Evasão de Balança,2,ES,"Lei 9503 DE 23/09/1997 Transpor, sem autorização, bloqueio viário com ou sem sinalização ou dispositivos auxiliares, deixar de adentrar às áreas destinadas à pesagem de veículos ou evadir-se para não efetuar o pagamento do pedágio.",Art. 209 Deixar de adentrar as áreas destinadas à pesagem de veículos,752
60ab8f18ef5d383ce8403e11,Evasão de Balança,2,RJ,"Lei 9503 DE 23/09/1997 Transpor, sem autorização, bloqueio viário com ou sem sinalização ou dispositivos auxiliares, deixar de adentrar às áreas destinadas à pesagem de veículos ou evadir-se para não efetuar o pagamento do pedágio.",Art. 209 Deixar de adentrar as áreas destinadas à pesagem de veículos,1014
60ab8f18ef5d383ce8403e12,Excesso de Peso,2,BA,"Lei 9503/97 Lei 10561/02 Res. CONTRAN nº 210/06, 211/06 e 258/07 e alterações Portaria DENATRAN 63/09 e 59/07 e alterações ",Transitar com o veículo com excesso de peso - PBT/PBTC,2
60ab8f18ef5d383ce8403e13,Excesso de Peso,2,ES,"Lei 9503/97 Lei 10561/02 Res. CONTRAN nº 210/06, 211/06 e 258/07 e alterações Portaria DENATRAN 63/09 e 59/07 e alterações ",Transitar com o veículo com excesso de peso - PBT/PBTC,106
60ab8f18ef5d383ce8403e14,Excesso de Peso,2,ES,"Lei 9503/97 Lei 10561/02 Res. CONTRAN nº 210/06, 211/06 e 258/07 e alterações Portaria DENATRAN 63/09 e 59/07 e alterações ",Transitar com o veículo com excesso de peso - PBT/PBTC e Por Eixo,156
60ab8f18ef5d383ce8403e15,Excesso de Peso,2,ES,"Lei 9503/97 Lei 10561/02 Res. CONTRAN nº 210/06, 211/06 e 258/07 e alterações Portaria DENATRAN 63/09 e 59/07 e alterações ",Transitar com o veículo com excesso de peso - Por Eixo,1307
60ab8f18ef5d383ce8403e16,Excesso de Peso,2,GO,"Lei 9503/97 Lei 10561/02 Res. CONTRAN nº 210/06, 211/06 e 258/07 e alterações Portaria DENATRAN 63/09 e 59/07 e alterações ",Transitar com o veículo com excesso de peso - PBT/PBTC,4
60ab8f18ef5d383ce8403e17,Excesso de Peso,2,GO,"Lei 9503/97 Lei 10561/02 Res. CONTRAN nº 210/06, 211/06 e 258/07 e alterações Portaria DENATRAN 63/09 e 59/07 e alterações ",Transitar com o veículo com excesso de peso - PBT/PBTC e Por Eixo,8
60ab8f18ef5d383ce8403e18,Excesso de Peso,2,GO,"Lei 9503/97 Lei 10561/02 Res. CONTRAN nº 210/06, 211/06 e 258/07 e alterações Portaria DENATRAN 63/09 e 59/07 e alterações ",Transitar com o veículo com excesso de peso - Por Eixo,54
60ab8f18ef5d383ce8403e19,Excesso de Peso,2,MG,"Lei 9503/97 Lei 10561/02 Res. CONTRAN nº 210/06, 211/06 e 258/07 e alterações Portaria DENATRAN 63/09 e 59/07 e alterações ",Transitar com o veículo com excesso de peso - PBT/PBTC,121
60ab8f18ef5d383ce8403e1a,Excesso de Peso,2,MG,"Lei 9503/97 Lei 10561/02 Res. CONTRAN nº 210/06, 211/06 e 258/07 e alterações Portaria DENATRAN 63/09 e 59/07 e alterações ",Transitar com o veículo com excesso de peso - PBT/PBTC e Por Eixo,229
60ab8f18ef5d383ce8403e1b,Excesso de Peso,2,MG,"Lei 9503/97 Lei 10561/02 Res. CONTRAN nº 210/06, 211/06 e 258/07 e alterações Portaria DENATRAN 63/09 e 59/07 e alterações ",Transitar com o veículo com excesso de peso - Por Eixo,1616
60ab8f18ef5d383ce8403e1c,Excesso de Peso,2,MS,"Lei 9503/97 Lei 10561/02 Res. CONTRAN nº 210/06, 211/06 e 258/07 e alterações Portaria DENATRAN 63/09 e 59/07 e alterações ",Transitar com o veículo com excesso de peso - PBT/PBTC,6
60ab8f18ef5d383ce8403e1d,Excesso de Peso,2,MS,"Lei 9503/97 Lei 10561/02 Res. CONTRAN nº 210/06, 211/06 e 258/07 e alterações Portaria DENATRAN 63/09 e 59/07 e alterações ",Transitar com o veículo com excesso de peso - PBT/PBTC e Por Eixo,36
60ab8f18ef5d383ce8403e1e,Excesso de Peso,2,MS,"Lei 9503/97 Lei 10561/02 Res. CONTRAN nº 210/06, 211/06 e 258/07 e alterações Portaria DENATRAN 63/09 e 59/07 e alterações ",Transitar com o veículo com excesso de peso - Por Eixo,78
60ab8f18ef5d383ce8403e1f,Excesso de Peso,2,MT,"Lei 9503/97 Lei 10561/02 Res. CONTRAN nº 210/06, 211/06 e 258/07 e alterações Portaria DENATRAN 63/09 e 59/07 e alterações ",Transitar com o veículo com excesso de peso - PBT/PBTC e Por Eixo,21
60ab8f18ef5d383ce8403e20,Excesso de Peso,2,MT,"Lei 9503/97 Lei 10561/02 Res. CONTRAN nº 210/06, 211/06 e 258/07 e alterações Portaria DENATRAN 63/09 e 59/07 e alterações ",Transitar com o veículo com excesso de peso - PBT/PBTC,22
60ab8f18ef5d383ce8403e21,Excesso de Peso,2,MT,"Lei 9503/97 Lei 10561/02 Res. CONTRAN nº 210/06, 211/06 e 258/07 e alterações Portaria DENATRAN 63/09 e 59/07 e alterações ",Transitar com o veículo com excesso de peso - Por Eixo,342
60ab8f18ef5d383ce8403e22,Excesso de Peso,2,PR,"Lei 9503/97 Lei 10561/02 Res. CONTRAN nº 210/06, 211/06 e 258/07 e alterações Portaria DENATRAN 63/09 e 59/07 e alterações ",Transitar com o veículo com excesso de peso - PBT/PBTC e Por Eixo,96
60ab8f18ef5d383ce8403e23,Excesso de Peso,2,PR,"Lei 9503/97 Lei 10561/02 Res. CONTRAN nº 210/06, 211/06 e 258/07 e alterações Portaria DENATRAN 63/09 e 59/07 e alterações ",Transitar com o veículo com excesso de peso - PBT/PBTC,97
60ab8f18ef5d383ce8403e24,Excesso de Peso,2,PR,"Lei 9503/97 Lei 10561/02 Res. CONTRAN nº 210/06, 211/06 e 258/07 e alterações Portaria DENATRAN 63/09 e 59/07 e alterações ",Transitar com o veículo com excesso de peso - Por Eixo,885
60ab8f18ef5d383ce8403e25,Excesso de Peso,2,RJ,"Lei 9503/97 Lei 10561/02 Res. CONTRAN nº 210/06, 211/06 e 258/07 e alterações Portaria DENATRAN 63/09 e 59/07 e alterações ",Transitar com o veículo com excesso de peso - PBT/PBTC,542
60ab8f18ef5d383ce8403e26,Excesso de Peso,2,RJ,"Lei 9503/97 Lei 10561/02 Res. CONTRAN nº 210/06, 211/06 e 258/07 e alterações Portaria DENATRAN 63/09 e 59/07 e alterações ",Transitar com o veículo com excesso de peso - PBT/PBTC e Por Eixo,700
60ab8f18ef5d383ce8403e27,Excesso de Peso,2,RJ,"Lei 9503/97 Lei 10561/02 Res. CONTRAN nº 210/06, 211/06 e 258/07 e alterações Portaria DENATRAN 63/09 e 59/07 e alterações ",Transitar com o veículo com excesso de peso - Por Eixo,2739
60ab8f18ef5d383ce8403e28,Excesso de Peso,2,RS,"Lei 9503/97 Lei 10561/02 Res. CONTRAN nº 210/06, 211/06 e 258/07 e alterações Portaria DENATRAN 63/09 e 59/07 e alterações ",Transitar com o veículo com excesso de peso - PBT/PBTC e Por Eixo,8
60ab8f18ef5d383ce8403e29,Excesso de Peso,2,RS,"Lei 9503/97 Lei 10561/02 Res. CONTRAN nº 210/06, 211/06 e 258/07 e alterações Portaria DENATRAN 63/09 e 59/07 e alterações ",Transitar com o veículo com excesso de peso - PBT/PBTC,12
60ab8f18ef5d383ce8403e2a,Excesso de Peso,2,RS,"Lei 9503/97 Lei 10561/02 Res. CONTRAN nº 210/06, 211/06 e 258/07 e alterações Portaria DENATRAN 63/09 e 59/07 e alterações ",Transitar com o veículo com excesso de peso - Por Eixo,159
60ab8f18ef5d383ce8403e2b,Excesso de Peso,2,SC,"Lei 9503/97 Lei 10561/02 Res. CONTRAN nº 210/06, 211/06 e 258/07 e alterações Portaria DENATRAN 63/09 e 59/07 e alterações ",Transitar com o veículo com excesso de peso - PBT/PBTC,148
60ab8f18ef5d383ce8403e2c,Excesso de Peso,2,SC,"Lei 9503/97 Lei 10561/02 Res. CONTRAN nº 210/06, 211/06 e 258/07 e alterações Portaria DENATRAN 63/09 e 59/07 e alterações ",Transitar com o veículo com excesso de peso - PBT/PBTC e Por Eixo,249
60ab8f18ef5d383ce8403e2d,Excesso de Peso,2,SC,"Lei 9503/97 Lei 10561/02 Res. CONTRAN nº 210/06, 211/06 e 258/07 e alterações Portaria DENATRAN 63/09 e 59/07 e alterações ",Transitar com o veículo com excesso de peso - Por Eixo,1605
60ab8f18ef5d383ce8403e2e,Excesso de Peso,2,SP,"Lei 9503/97 Lei 10561/02 Res. CONTRAN nº 210/06, 211/06 e 258/07 e alterações Portaria DENATRAN 63/09 e 59/07 e alterações ",Transitar com o veículo com excesso de peso - PBT/PBTC e Por Eixo,95
60ab8f18ef5d383ce8403e2f,Excesso de Peso,2,SP,"Lei 9503/97 Lei 10561/02 Res. CONTRAN nº 210/06, 211/06 e 258/07 e alterações Portaria DENATRAN 63/09 e 59/07 e alterações ",Transitar com o veículo com excesso de peso - PBT/PBTC,97
60ab8f18ef5d383ce8403e30,Excesso de Peso,2,SP,"Lei 9503/97 Lei 10561/02 Res. CONTRAN nº 210/06, 211/06 e 258/07 e alterações Portaria DENATRAN 63/09 e 59/07 e alterações ",Transitar com o veículo com excesso de peso - Por Eixo,1386
60ab8f18ef5d383ce8403e31,CMT - Capacidade Máxima de Tração,3,ES,"Lei 9503/97 Lei 10561/02 Res. CONTRAN nº 210/06, 211/06 e 258/07 e alterações Portaria DENATRAN 63/09 e 59/07 e alterações ",Transitar com o veículo excedendo a CMT em até 600 kg,2
60ab8f18ef5d383ce8403e32,CMT - Capacidade Máxima de Tração,3,ES,"Lei 9503/97 Lei 10561/02 Res. CONTRAN nº 210/06, 211/06 e 258/07 e alterações Portaria DENATRAN 63/09 e 59/07 e alterações ",Transitar com o veículo excedendo a CMT acima de 1000 kg,5
60ab8f18ef5d383ce8403e33,CMT - Capacidade Máxima de Tração,3,MG,"Lei 9503/97 Lei 10561/02 Res. CONTRAN nº 210/06, 211/06 e 258/07 e alterações Portaria DENATRAN 63/09 e 59/07 e alterações ",Transitar com o veículo excedendo a CMT em até 600 kg,2
60ab8f18ef5d383ce8403e34,CMT - Capacidade Máxima de Tração,3,MG,"Lei 9503/97 Lei 10561/02 Res. CONTRAN nº 210/06, 211/06 e 258/07 e alterações Portaria DENATRAN 63/09 e 59/07 e alterações ",Transitar com o veículo excedendo a CMT acima de 1000 kg,2
60ab8f18ef5d383ce8403e35,CMT - Capacidade Máxima de Tração,3,MS,"Lei 9503/97 Lei 10561/02 Res. CONTRAN nº 210/06, 211/06 e 258/07 e alterações Portaria DENATRAN 63/09 e 59/07 e alterações ",Transitar com o veículo excedendo a CMT acima de 1000 kg,2
60ab8f18ef5d383ce8403e36,CMT - Capacidade Máxima de Tração,3,RJ,"Lei 9503/97 Lei 10561/02 Res. CONTRAN nº 210/06, 211/06 e 258/07 e alterações Portaria DENATRAN 63/09 e 59/07 e alterações ",Transitar com o veículo excedendo a CMT entre 601 e 1000 kg,1
60ab8f18ef5d383ce8403e37,CMT - Capacidade Máxima de Tração,3,RJ,"Lei 9503/97 Lei 10561/02 Res. CONTRAN nº 210/06, 211/06 e 258/07 e alterações Portaria DENATRAN 63/09 e 59/07 e alterações ",Transitar com o veículo excedendo a CMT acima de 1000 kg,3
60ab8f18ef5d383ce8403e38,CMT - Capacidade Máxima de Tração,3,RJ,"Lei 9503/97 Lei 10561/02 Res. CONTRAN nº 210/06, 211/06 e 258/07 e alterações Portaria DENATRAN 63/09 e 59/07 e alterações ",Transitar com o veículo excedendo a CMT em até 600 kg,5
60ab8f18ef5d383ce8403e39,Evasão de Balança,3,ES,"Lei 9503 DE 23/09/1997 Transpor, sem autorização, bloqueio viário com ou sem sinalização ou dispositivos auxiliares, deixar de adentrar às áreas destinadas à pesagem de veículos ou evadir-se para não efetuar o pagamento do pedágio.",Art. 209 Deixar de adentrar as áreas destinadas à pesagem de veículos,450
60ab8f18ef5d383ce8403e3a,Evasão de Balança,3,RJ,"Lei 9503 DE 23/09/1997 Transpor, sem autorização, bloqueio viário com ou sem sinalização ou dispositivos auxiliares, deixar de adentrar às áreas destinadas à pesagem de veículos ou evadir-se para não efetuar o pagamento do pedágio.",Art. 209 Deixar de adentrar as áreas destinadas à pesagem de veículos,1587
60ab8f18ef5d383ce8403e3b,Evasão de Balança,3,SC,"Lei 9503 DE 23/09/1997 Transpor, sem autorização, bloqueio viário com ou sem sinalização ou dispositivos auxiliares, deixar de adentrar às áreas destinadas à pesagem de veículos ou evadir-se para não efetuar o pagamento do pedágio.",Art. 209 Deixar de adentrar as áreas destinadas à pesagem de veículos,3
60ab8f18ef5d383ce8403e3c,Excesso de Peso,3,BA,"Lei 9503/97 Lei 10561/02 Res. CONTRAN nº 210/06, 211/06 e 258/07 e alterações Portaria DENATRAN 63/09 e 59/07 e alterações ",Transitar com o veículo com excesso de peso - PBT/PBTC,3
60ab8f18ef5d383ce8403e3d,Excesso de Peso,3,ES,"Lei 9503/97 Lei 10561/02 Res. CONTRAN nº 210/06, 211/06 e 258/07 e alterações Portaria DENATRAN 63/09 e 59/07 e alterações ",Transitar com o veículo com excesso de peso - PBT/PBTC,82
60ab8f18ef5d383ce8403e3e,Excesso de Peso,3,ES,"Lei 9503/97 Lei 10561/02 Res. CONTRAN nº 210/06, 211/06 e 258/07 e alterações Portaria DENATRAN 63/09 e 59/07 e alterações ",Transitar com o veículo com excesso de peso - PBT/PBTC e Por Eixo,124
60ab8f18ef5d383ce8403e3f,Excesso de Peso,3,ES,"Lei 9503/97 Lei 10561/02 Res. CONTRAN nº 210/06, 211/06 e 258/07 e alterações Portaria DENATRAN 63/09 e 59/07 e alterações ",Transitar com o veículo com excesso de peso - Por Eixo,1166
60ab8f18ef5d383ce8403e40,Excesso de Peso,3,GO,"Lei 9503/97 Lei 10561/02 Res. CONTRAN nº 210/06, 211/06 e 258/07 e alterações Portaria DENATRAN 63/09 e 59/07 e alterações ",Transitar com o veículo com excesso de peso - PBT/PBTC,1
60ab8f18ef5d383ce8403e41,Excesso de Peso,3,GO,"Lei 9503/97 Lei 10561/02 Res. CONTRAN nº 210/06, 211/06 e 258/07 e alterações Portaria DENATRAN 63/09 e 59/07 e alterações ",Transitar com o veículo com excesso de peso - PBT/PBTC e Por Eixo,7
60ab8f18ef5d383ce8403e42,Excesso de Peso,3,GO,"Lei 9503/97 Lei 10561/02 Res. CONTRAN nº 210/06, 211/06 e 258/07 e alterações Portaria DENATRAN 63/09 e 59/07 e alterações ",Transitar com o veículo com excesso de peso - Por Eixo,44
60ab8f18ef5d383ce8403e43,Excesso de Peso,3,MG,"Lei 9503/97 Lei 10561/02 Res. CONTRAN nº 210/06, 211/06 e 258/07 e alterações Portaria DENATRAN 63/09 e 59/07 e alterações ",Transitar com o veículo com excesso de peso - PBT/PBTC,160
60ab8f18ef5d383ce8403e44,Excesso de Peso,3,MG,"Lei 9503/97 Lei 10561/02 Res. CONTRAN nº 210/06, 211/06 e 258/07 e alterações Portaria DENATRAN 63/09 e 59/07 e alterações ",Transitar com o veículo com excesso de peso - PBT/PBTC e Por Eixo,261
60ab8f18ef5d383ce8403e45,Excesso de Peso,3,MG,"Lei 9503/97 Lei 10561/02 Res. CONTRAN nº 210/06, 211/06 e 258/07 e alterações Portaria DENATRAN 63/09 e 59/07 e alterações ",Transitar com o veículo com excesso de peso - Por Eixo,1875
60ab8f18ef5d383ce8403e46,Excesso de Peso,3,MS,"Lei 9503/97 Lei 10561/02 Res. CONTRAN nº 210/06, 211/06 e 258/07 e alterações Portaria DENATRAN 63/09 e 59/07 e alterações ",Transitar com o veículo com excesso de peso - PBT/PBTC,2
60ab8f18ef5d383ce8403e47,Excesso de Peso,3,MS,"Lei 9503/97 Lei 10561/02 Res. CONTRAN nº 210/06, 211/06 e 258/07 e alterações Portaria DENATRAN 63/09 e 59/07 e alterações ",Transitar com o veículo com excesso de peso - PBT/PBTC e Por Eixo,13
60ab8f18ef5d383ce8403e48,Excesso de Peso,3,MS,"Lei 9503/97 Lei 10561/02 Res. CONTRAN nº 210/06, 211/06 e 258/07 e alterações Portaria DENATRAN 63/09 e 59/07 e alterações ",Transitar com o veículo com excesso de peso - Por Eixo,41
60ab8f18ef5d383ce8403e49,Excesso de Peso,3,MT,"Lei 9503/97 Lei 10561/02 Res. CONTRAN nº 210/06, 211/06 e 258/07 e alterações Portaria DENATRAN 63/09 e 59/07 e alterações ",Transitar com o veículo com excesso de peso - PBT/PBTC,15
60ab8f18ef5d383ce8403e4a,Excesso de Peso,3,MT,"Lei 9503/97 Lei 10561/02 Res. CONTRAN nº 210/06, 211/06 e 258/07 e alterações Portaria DENATRAN 63/09 e 59/07 e alterações ",Transitar com o veículo com excesso de peso - PBT/PBTC e Por Eixo,41
60ab8f18ef5d383ce8403e4b,Excesso de Peso,3,MT,"Lei 9503/97 Lei 10561/02 Res. CONTRAN nº 210/06, 211/06 e 258/07 e alterações Portaria DENATRAN 63/09 e 59/07 e alterações ",Transitar com o veículo com excesso de peso - Por Eixo,319
60ab8f18ef5d383ce8403e4c,Excesso de Peso,3,PR,"Lei 9503/97 Lei 10561/02 Res. CONTRAN nº 210/06, 211/06 e 258/07 e alterações Portaria DENATRAN 63/09 e 59/07 e alterações ",Transitar com o veículo com excesso de peso - PBT/PBTC,39
60ab8f18ef5d383ce8403e4d,Excesso de Peso,3,PR,"Lei 9503/97 Lei 10561/02 Res. CONTRAN nº 210/06, 211/06 e 258/07 e alterações Portaria DENATRAN 63/09 e 59/07 e alterações ",Transitar com o veículo com excesso de peso - PBT/PBTC e Por Eixo,49
60ab8f18ef5d383ce8403e4e,Excesso de Peso,3,PR,"Lei 9503/97 Lei 10561/02 Res. CONTRAN nº 210/06, 211/06 e 258/07 e alterações Portaria DENATRAN 63/09 e 59/07 e alterações ",Transitar com o veículo com excesso de peso - Por Eixo,362
60ab8f18ef5d383ce8403e4f,Excesso de Peso,3,RJ,"Lei 9503/97 Lei 10561/02 Res. CONTRAN nº 210/06, 211/06 e 258/07 e alterações Portaria DENATRAN 63/09 e 59/07 e alterações ",Transitar com o veículo com excesso de peso - PBT/PBTC,499
60ab8f18ef5d383ce8403e50,Excesso de Peso,3,RJ,"Lei 9503/97 Lei 10561/02 Res. CONTRAN nº 210/06, 211/06 e 258/07 e alterações Portaria DENATRAN 63/09 e 59/07 e alterações ",Transitar com o veículo com excesso de peso - PBT/PBTC e Por Eixo,541
60ab8f18ef5d383ce8403e51,Excesso de Peso,3,RJ,"Lei 9503/97 Lei 10561/02 Res. CONTRAN nº 210/06, 211/06 e 258/07 e alterações Portaria DENATRAN 63/09 e 59/07 e alterações ",Transitar com o veículo com excesso de peso - Por Eixo,2526
60ab8f18ef5d383ce8403e52,Excesso de Peso,3,RS,"Lei 9503/97 Lei 10561/02 Res. CONTRAN nº 210/06, 211/06 e 258/07 e alterações Portaria DENATRAN 63/09 e 59/07 e alterações ",Transitar com o veículo com excesso de peso - PBT/PBTC e Por Eixo,8
60ab8f18ef5d383ce8403e53,Excesso de Peso,3,RS,"Lei 9503/97 Lei 10561/02 Res. CONTRAN nº 210/06, 211/06 e 258/07 e alterações Portaria DENATRAN 63/09 e 59/07 e alterações ",Transitar com o veículo com excesso de peso - PBT/PBTC,9
60ab8f18ef5d383ce8403e54,Excesso de Peso,3,RS,"Lei 9503/97 Lei 10561/02 Res. CONTRAN nº 210/06, 211/06 e 258/07 e alterações Portaria DENATRAN 63/09 e 59/07 e alterações ",Transitar com o veículo com excesso de peso - Por Eixo,130
60ab8f18ef5d383ce8403e55,Excesso de Peso,3,SC,"Lei 9503/97 Lei 10561/02 Res. CONTRAN nº 210/06, 211/06 e 258/07 e alterações Portaria DENATRAN 63/09 e 59/07 e alterações ",Transitar com o veículo com excesso de peso - PBT/PBTC,76
60ab8f18ef5d383ce8403e56,Excesso de Peso,3,SC,"Lei 9503/97 Lei 10561/02 Res. CONTRAN nº 210/06, 211/06 e 258/07 e alterações Portaria DENATRAN 63/09 e 59/07 e alterações ",Transitar com o veículo com excesso de peso - PBT/PBTC e Por Eixo,135
60ab8f18ef5d383ce8403e57,Excesso de Peso,3,SC,"Lei 9503/97 Lei 10561/02 Res. CONTRAN nº 210/06, 211/06 e 258/07 e alterações Portaria DENATRAN 63/09 e 59/07 e alterações ",Transitar com o veículo com excesso de peso - Por Eixo,1003
60ab8f18ef5d383ce8403e58,Excesso de Peso,3,SP,"Lei 9503/97 Lei 10561/02 Res. CONTRAN nº 210/06, 211/06 e 258/07 e alterações Portaria DENATRAN 63/09 e 59/07 e alterações ",Transitar com o veículo com excesso de peso - PBT/PBTC,64
60ab8f18ef5d383ce8403e59,Excesso de Peso,3,SP,"Lei 9503/97 Lei 10561/02 Res. CONTRAN nº 210/06, 211/06 e 258/07 e alterações Portaria DENATRAN 63/09 e 59/07 e alterações ",Transitar com o veículo com excesso de peso - PBT/PBTC e Por Eixo,65
60ab8f18ef5d383ce8403e5a,Excesso de Peso,3,SP,"Lei 9503/97 Lei 10561/02 Res. CONTRAN nº 210/06, 211/06 e 258/07 e alterações Portaria DENATRAN 63/09 e 59/07 e alterações ",Transitar com o veículo com excesso de peso - Por Eixo,1071
60ab8f18ef5d383ce8403e5b,CMT - Capacidade Máxima de Tração,4,RJ,"Lei 9503/97 Lei 10561/02 Res. CONTRAN nº 210/06, 211/06 e 258/07 e alterações Portaria DENATRAN 63/09 e 59/07 e alterações ",Transitar com o veículo excedendo a CMT em até 600 kg,1
60ab8f18ef5d383ce8403e5c,Evasão de Balança,4,ES,"Lei 9503 DE 23/09/1997 Transpor, sem autorização, bloqueio viário com ou sem sinalização ou dispositivos auxiliares, deixar de adentrar às áreas destinadas à pesagem de veículos ou evadir-se para não efetuar o pagamento do pedágio.",Art. 209 Deixar de adentrar as áreas destinadas à pesagem de veículos,105
60ab8f18ef5d383ce8403e5d,Evasão de Balança,4,RJ,"Lei 9503 DE 23/09/1997 Transpor, sem autorização, bloqueio viário com ou sem sinalização ou dispositivos auxiliares, deixar de adentrar às áreas destinadas à pesagem de veículos ou evadir-se para não efetuar o pagamento do pedágio.",Art. 209 Deixar de adentrar as áreas destinadas à pesagem de veículos,868
60ab8f18ef5d383ce8403e5e,Excesso de Peso,4,ES,"Lei 9503/97 Lei 10561/02 Res. CONTRAN nº 210/06, 211/06 e 258/07 e alterações Portaria DENATRAN 63/09 e 59/07 e alterações ",Transitar com o veículo com excesso de peso - PBT/PBTC,2
60ab8f18ef5d383ce8403e5f,Excesso de Peso,4,ES,"Lei 9503/97 Lei 10561/02 Res. CONTRAN nº 210/06, 211/06 e 258/07 e alterações Portaria DENATRAN 63/09 e 59/07 e alterações ",Transitar com o veículo com excesso de peso - PBT/PBTC e Por Eixo,5
60ab8f18ef5d383ce8403e60,Excesso de Peso,4,ES,"Lei 9503/97 Lei 10561/02 Res. CONTRAN nº 210/06, 211/06 e 258/07 e alterações Portaria DENATRAN 63/09 e 59/07 e alterações ",Transitar com o veículo com excesso de peso - Por Eixo,10
60ab8f18ef5d383ce8403e61,Excesso de Peso,4,MG,"Lei 9503/97 Lei 10561/02 Res. CONTRAN nº 210/06, 211/06 e 258/07 e alterações Portaria DENATRAN 63/09 e 59/07 e alterações ",Transitar com o veículo com excesso de peso - Por Eixo,2
60ab8f18ef5d383ce8403e62,Excesso de Peso,4,RJ,"Lei 9503/97 Lei 10561/02 Res. CONTRAN nº 210/06, 211/06 e 258/07 e alterações Portaria DENATRAN 63/09 e 59/07 e alterações ",Transitar com o veículo com excesso de peso - PBT/PBTC,3
60ab8f18ef5d383ce8403e63,Excesso de Peso,4,RJ,"Lei 9503/97 Lei 10561/02 Res. CONTRAN nº 210/06, 211/06 e 258/07 e alterações Portaria DENATRAN 63/09 e 59/07 e alterações ",Transitar com o veículo com excesso de peso - Por Eixo,12
60ab8f18ef5d383ce8403e64,Excesso de Peso,4,SC,"Lei 9503/97 Lei 10561/02 Res. CONTRAN nº 210/06, 211/06 e 258/07 e alterações Portaria DENATRAN 63/09 e 59/07 e alterações ",Transitar com o veículo com excesso de peso - Por Eixo,1
60ab8f18ef5d383ce8403e65,Evasão de Balança,5,ES,"Lei 9503 DE 23/09/1997 Transpor, sem autorização, bloqueio viário com ou sem sinalização ou dispositivos auxiliares, deixar de adentrar às áreas destinadas à pesagem de veículos ou evadir-se para não efetuar o pagamento do pedágio.",Art. 209 Deixar de adentrar as áreas destinadas à pesagem de veículos,252
60ab8f18ef5d383ce8403e66,Evasão de Balança,5,RJ,"Lei 9503 DE 23/09/1997 Transpor, sem autorização, bloqueio viário com ou sem sinalização ou dispositivos auxiliares, deixar de adentrar às áreas destinadas à pesagem de veículos ou evadir-se para não efetuar o pagamento do pedágio.",Art. 209 Deixar de adentrar as áreas destinadas à pesagem de veículos,239
60ab8f18ef5d383ce8403e67,Excesso de Peso,5,RJ,"Lei 9503/97 Lei 10561/02 Res. CONTRAN nº 210/06, 211/06 e 258/07 e alterações Portaria DENATRAN 63/09 e 59/07 e alterações ",Transitar com o veículo com excesso de peso - Por Eixo,1
60ab8f18ef5d383ce8403e68,Excesso de Peso,5,RJ,"Lei 9503/97 Lei 10561/02 Res. CONTRAN nº 210/06, 211/06 e 258/07 e alterações Portaria DENATRAN 63/09 e 59/07 e alterações ",Transitar com o veículo com excesso de peso - PBT/PBTC e Por Eixo,1
60ab8f18ef5d383ce8403e69,Evasão de Balança,6,ES,"Lei 9503 DE 23/09/1997 Transpor, sem autorização, bloqueio viário com ou sem sinalização ou dispositivos auxiliares, deixar de adentrar às áreas destinadas à pesagem de veículos ou evadir-se para não efetuar o pagamento do pedágio.",Art. 209 Deixar de adentrar as áreas destinadas à pesagem de veículos,387
60ab8f18ef5d383ce8403e6a,Evasão de Balança,6,RJ,"Lei 9503 DE 23/09/1997 Transpor, sem autorização, bloqueio viário com ou sem sinalização ou dispositivos auxiliares, deixar de adentrar às áreas destinadas à pesagem de veículos ou evadir-se para não efetuar o pagamento do pedágio.",Art. 209 Deixar de adentrar as áreas destinadas à pesagem de veículos,172
60ab8f18ef5d383ce8403e6b,CMT - Capacidade Máxima de Tração,7,MG,"Lei 9503/97 Lei 10561/02 Res. CONTRAN nº 210/06, 211/06 e 258/07 e alterações Portaria DENATRAN 63/09 e 59/07 e alterações ",Transitar com o veículo excedendo a CMT acima de 1000 kg,4
60ab8f18ef5d383ce8403e6c,CMT - Capacidade Máxima de Tração,7,RJ,"Lei 9503/97 Lei 10561/02 Res. CONTRAN nº 210/06, 211/06 e 258/07 e alterações Portaria DENATRAN 63/09 e 59/07 e alterações ",Transitar com o veículo excedendo a CMT acima de 1000 kg,4
60ab8f18ef5d383ce8403e6d,CMT - Capacidade Máxima de Tração,7,RS,"Lei 9503/97 Lei 10561/02 Res. CONTRAN nº 210/06, 211/06 e 258/07 e alterações Portaria DENATRAN 63/09 e 59/07 e alterações ",Transitar com o veículo excedendo a CMT acima de 1000 kg,1
60ab8f18ef5d383ce8403e6e,CMT - Capacidade Máxima de Tração,7,SC,"Lei 9503/97 Lei 10561/02 Res. CONTRAN nº 210/06, 211/06 e 258/07 e alterações Portaria DENATRAN 63/09 e 59/07 e alterações ",Transitar com o veículo excedendo a CMT acima de 1000 kg,1
60ab8f18ef5d383ce8403e6f,CMT - Capacidade Máxima de Tração,7,SP,"Lei 9503/97 Lei 10561/02 Res. CONTRAN nº 210/06, 211/06 e 258/07 e alterações Portaria DENATRAN 63/09 e 59/07 e alterações ",Transitar com o veículo excedendo a CMT acima de 1000 kg,4
60ab8f18ef5d383ce8403e70,Evasão de Balança,7,ES,"Lei 9503 DE 23/09/1997 Transpor, sem autorização, bloqueio viário com ou sem sinalização ou dispositivos auxiliares, deixar de adentrar às áreas destinadas à pesagem de veículos ou evadir-se para não efetuar o pagamento do pedágio.",Art. 209 Deixar de adentrar as áreas destinadas à pesagem de veículos,100
60ab8f18ef5d383ce8403e71,Evasão de Balança,7,RJ,"Lei 9503 DE 23/09/1997 Transpor, sem autorização, bloqueio viário com ou sem sinalização ou dispositivos auxiliares, deixar de adentrar às áreas destinadas à pesagem de veículos ou evadir-se para não efetuar o pagamento do pedágio.",Art. 209 Deixar de adentrar as áreas destinadas à pesagem de veículos,358
60ab8f18ef5d383ce8403e72,Excesso de Peso,7,ES,"Lei 9503/97 Lei 10561/02 Res. CONTRAN nº 210/06, 211/06 e 258/07 e alterações Portaria DENATRAN 63/09 e 59/07 e alterações ",Transitar com o veículo com excesso de peso - PBT/PBTC,54
60ab8f18ef5d383ce8403e73,Excesso de Peso,7,ES,"Lei 9503/97 Lei 10561/02 Res. CONTRAN nº 210/06, 211/06 e 258/07 e alterações Portaria DENATRAN 63/09 e 59/07 e alterações ",Transitar com o veículo com excesso de peso - PBT/PBTC e Por Eixo,107
60ab8f18ef5d383ce8403e74,Excesso de Peso,7,ES,"Lei 9503/97 Lei 10561/02 Res. CONTRAN nº 210/06, 211/06 e 258/07 e alterações Portaria DENATRAN 63/09 e 59/07 e alterações ",Transitar com o veículo com excesso de peso - Por Eixo,473
60ab8f18ef5d383ce8403e75,Excesso de Peso,7,GO,"Lei 9503/97 Lei 10561/02 Res. CONTRAN nº 210/06, 211/06 e 258/07 e alterações Portaria DENATRAN 63/09 e 59/07 e alterações ",Transitar com o veículo com excesso de peso - PBT/PBTC,3
60ab8f18ef5d383ce8403e76,Excesso de Peso,7,GO,"Lei 9503/97 Lei 10561/02 Res. CONTRAN nº 210/06, 211/06 e 258/07 e alterações Portaria DENATRAN 63/09 e 59/07 e alterações ",Transitar com o veículo com excesso de peso - PBT/PBTC e Por Eixo,16
60ab8f18ef5d383ce8403e77,Excesso de Peso,7,GO,"Lei 9503/97 Lei 10561/02 Res. CONTRAN nº 210/06, 211/06 e 258/07 e alterações Portaria DENATRAN 63/09 e 59/07 e alterações ",Transitar com o veículo com excesso de peso - Por Eixo,61
60ab8f18ef5d383ce8403e78,Excesso de Peso,7,MG,"Lei 9503/97 Lei 10561/02 Res. CONTRAN nº 210/06, 211/06 e 258/07 e alterações Portaria DENATRAN 63/09 e 59/07 e alterações ",Transitar com o veículo com excesso de peso - PBT/PBTC,56
60ab8f18ef5d383ce8403e79,Excesso de Peso,7,MG,"Lei 9503/97 Lei 10561/02 Res. CONTRAN nº 210/06, 211/06 e 258/07 e alterações Portaria DENATRAN 63/09 e 59/07 e alterações ",Transitar com o veículo com excesso de peso - PBT/PBTC e Por Eixo,184
60ab8f18ef5d383ce8403e7a,Excesso de Peso,7,MG,"Lei 9503/97 Lei 10561/02 Res. CONTRAN nº 210/06, 211/06 e 258/07 e alterações Portaria DENATRAN 63/09 e 59/07 e alterações ",Transitar com o veículo com excesso de peso - Por Eixo,822
60ab8f18ef5d383ce8403e7b,Excesso de Peso,7,RJ,"Lei 9503/97 Lei 10561/02 Res. CONTRAN nº 210/06, 211/06 e 258/07 e alterações Portaria DENATRAN 63/09 e 59/07 e alterações ",Transitar com o veículo com excesso de peso - PBT/PBTC,180
60ab8f18ef5d383ce8403e7c,Excesso de Peso,7,RJ,"Lei 9503/97 Lei 10561/02 Res. CONTRAN nº 210/06, 211/06 e 258/07 e alterações Portaria DENATRAN 63/09 e 59/07 e alterações ",Transitar com o veículo com excesso de peso - PBT/PBTC e Por Eixo,362
60ab8f18ef5d383ce8403e7d,Excesso de Peso,7,RJ,"Lei 9503/97 Lei 10561/02 Res. CONTRAN nº 210/06, 211/06 e 258/07 e alterações Portaria DENATRAN 63/09 e 59/07 e alterações ",Transitar com o veículo com excesso de peso - Por Eixo,2175
60ab8f18ef5d383ce8403e7e,Excesso de Peso,7,RS,"Lei 9503/97 Lei 10561/02 Res. CONTRAN nº 210/06, 211/06 e 258/07 e alterações Portaria DENATRAN 63/09 e 59/07 e alterações ",Transitar com o veículo com excesso de peso - PBT/PBTC,72
60ab8f18ef5d383ce8403e7f,Excesso de Peso,7,RS,"Lei 9503/97 Lei 10561/02 Res. CONTRAN nº 210/06, 211/06 e 258/07 e alterações Portaria DENATRAN 63/09 e 59/07 e alterações ",Transitar com o veículo com excesso de peso - PBT/PBTC e Por Eixo,103
60ab8f18ef5d383ce8403e80,Excesso de Peso,7,RS,"Lei 9503/97 Lei 10561/02 Res. CONTRAN nº 210/06, 211/06 e 258/07 e alterações Portaria DENATRAN 63/09 e 59/07 e alterações ",Transitar com o veículo com excesso de peso - Por Eixo,630
60ab8f18ef5d383ce8403e81,Excesso de Peso,7,SC,"Lei 9503/97 Lei 10561/02 Res. CONTRAN nº 210/06, 211/06 e 258/07 e alterações Portaria DENATRAN 63/09 e 59/07 e alterações ",Transitar com o veículo com excesso de peso - PBT/PBTC,33
60ab8f18ef5d383ce8403e82,Excesso de Peso,7,SC,"Lei 9503/97 Lei 10561/02 Res. CONTRAN nº 210/06, 211/06 e 258/07 e alterações Portaria DENATRAN 63/09 e 59/07 e alterações ",Transitar com o veículo com excesso de peso - PBT/PBTC e Por Eixo,118
60ab8f18ef5d383ce8403e83,Excesso de Peso,7,SC,"Lei 9503/97 Lei 10561/02 Res. CONTRAN nº 210/06, 211/06 e 258/07 e alterações Portaria DENATRAN 63/09 e 59/07 e alterações ",Transitar com o veículo com excesso de peso - Por Eixo,387
60ab8f18ef5d383ce8403e84,Excesso de Peso,7,SP,"Lei 9503/97 Lei 10561/02 Res. CONTRAN nº 210/06, 211/06 e 258/07 e alterações Portaria DENATRAN 63/09 e 59/07 e alterações ",Transitar com o veículo com excesso de peso - PBT/PBTC,136
60ab8f18ef5d383ce8403e85,Excesso de Peso,7,SP,"Lei 9503/97 Lei 10561/02 Res. CONTRAN nº 210/06, 211/06 e 258/07 e alterações Portaria DENATRAN 63/09 e 59/07 e alterações ",Transitar com o veículo com excesso de peso - PBT/PBTC e Por Eixo,279
60ab8f18ef5d383ce8403e86,Excesso de Peso,7,SP,"Lei 9503/97 Lei 10561/02 Res. CONTRAN nº 210/06, 211/06 e 258/07 e alterações Portaria DENATRAN 63/09 e 59/07 e alterações ",Transitar com o veículo com excesso de peso - Por Eixo,831
60ab8f18ef5d383ce8403e87,CMT - Capacidade Máxima de Tração,8,ES,"Lei 9503/97 Lei 10561/02 Res. CONTRAN nº 210/06, 211/06 e 258/07 e alterações Portaria DENATRAN 63/09 e 59/07 e alterações ",Transitar com o veículo excedendo a CMT acima de 1000 kg,1
60ab8f18ef5d383ce8403e88,CMT - Capacidade Máxima de Tração,8,MG,"Lei 9503/97 Lei 10561/02 Res. CONTRAN nº 210/06, 211/06 e 258/07 e alterações Portaria DENATRAN 63/09 e 59/07 e alterações ",Transitar com o veículo excedendo a CMT acima de 1000 kg,5
60ab8f18ef5d383ce8403e89,CMT - Capacidade Máxima de Tração,8,MS,"Lei 9503/97 Lei 10561/02 Res. CONTRAN nº 210/06, 211/06 e 258/07 e alterações Portaria DENATRAN 63/09 e 59/07 e alterações ",Transitar com o veículo excedendo a CMT acima de 1000 kg,2
60ab8f18ef5d383ce8403e8a,CMT - Capacidade Máxima de Tração,8,RJ,"Lei 9503/97 Lei 10561/02 Res. CONTRAN nº 210/06, 211/06 e 258/07 e alterações Portaria DENATRAN 63/09 e 59/07 e alterações ",Transitar com o veículo excedendo a CMT entre 601 e 1000 kg,2
60ab8f18ef5d383ce8403e8b,CMT - Capacidade Máxima de Tração,8,RJ,"Lei 9503/97 Lei 10561/02 Res. CONTRAN nº 210/06, 211/06 e 258/07 e alterações Portaria DENATRAN 63/09 e 59/07 e alterações ",Transitar com o veículo excedendo a CMT em até 600 kg,3
60ab8f18ef5d383ce8403e8c,CMT - Capacidade Máxima de Tração,8,RJ,"Lei 9503/97 Lei 10561/02 Res. CONTRAN nº 210/06, 211/06 e 258/07 e alterações Portaria DENATRAN 63/09 e 59/07 e alterações ",Transitar com o veículo excedendo a CMT acima de 1000 kg,9
60ab8f18ef5d383ce8403e8d,CMT - Capacidade Máxima de Tração,8,RS,"Lei 9503/97 Lei 10561/02 Res. CONTRAN nº 210/06, 211/06 e 258/07 e alterações Portaria DENATRAN 63/09 e 59/07 e alterações ",Transitar com o veículo excedendo a CMT acima de 1000 kg,1
60ab8f18ef5d383ce8403e8e,CMT - Capacidade Máxima de Tração,8,SC,"Lei 9503/97 Lei 10561/02 Res. CONTRAN nº 210/06, 211/06 e 258/07 e alterações Portaria DENATRAN 63/09 e 59/07 e alterações ",Transitar com o veículo excedendo a CMT acima de 1000 kg,1
60ab8f18ef5d383ce8403e8f,Evasão de Balança,8,ES,"Lei 9503 DE 23/09/1997 Transpor, sem autorização, bloqueio viário com ou sem sinalização ou dispositivos auxiliares, deixar de adentrar às áreas destinadas à pesagem de veículos ou evadir-se para não efetuar o pagamento do pedágio.",Art. 209 Deixar de adentrar as áreas destinadas à pesagem de veículos,351
60ab8f18ef5d383ce8403e90,Evasão de Balança,8,RJ,"Lei 9503 DE 23/09/1997 Transpor, sem autorização, bloqueio viário com ou sem sinalização ou dispositivos auxiliares, deixar de adentrar às áreas destinadas à pesagem de veículos ou evadir-se para não efetuar o pagamento do pedágio.",Art. 209 Deixar de adentrar as áreas destinadas à pesagem de veículos,3028
60ab8f18ef5d383ce8403e91,Excesso de Peso,8,ES,"Lei 9503/97 Lei 10561/02 Res. CONTRAN nº 210/06, 211/06 e 258/07 e alterações Portaria DENATRAN 63/09 e 59/07 e alterações ",Transitar com o veículo com excesso de peso - PBT/PBTC,210
60ab8f18ef5d383ce8403e92,Excesso de Peso,8,ES,"Lei 9503/97 Lei 10561/02 Res. CONTRAN nº 210/06, 211/06 e 258/07 e alterações Portaria DENATRAN 63/09 e 59/07 e alterações ",Transitar com o veículo com excesso de peso - PBT/PBTC e Por Eixo,262
60ab8f18ef5d383ce8403e93,Excesso de Peso,8,ES,"Lei 9503/97 Lei 10561/02 Res. CONTRAN nº 210/06, 211/06 e 258/07 e alterações Portaria DENATRAN 63/09 e 59/07 e alterações ",Transitar com o veículo com excesso de peso - Por Eixo,2194
60ab8f18ef5d383ce8403e94,Excesso de Peso,8,GO,"Lei 9503/97 Lei 10561/02 Res. CONTRAN nº 210/06, 211/06 e 258/07 e alterações Portaria DENATRAN 63/09 e 59/07 e alterações ",Transitar com o veículo com excesso de peso - Por Eixo,1
60ab8f18ef5d383ce8403e95,Excesso de Peso,8,MG,"Lei 9503/97 Lei 10561/02 Res. CONTRAN nº 210/06, 211/06 e 258/07 e alterações Portaria DENATRAN 63/09 e 59/07 e alterações ",Transitar com o veículo com excesso de peso - PBT/PBTC,146
60ab8f18ef5d383ce8403e96,Excesso de Peso,8,MG,"Lei 9503/97 Lei 10561/02 Res. CONTRAN nº 210/06, 211/06 e 258/07 e alterações Portaria DENATRAN 63/09 e 59/07 e alterações ",Transitar com o veículo com excesso de peso - PBT/PBTC e Por Eixo,349
60ab8f18ef5d383ce8403e97,Excesso de Peso,8,MG,"Lei 9503/97 Lei 10561/02 Res. CONTRAN nº 210/06, 211/06 e 258/07 e alterações Portaria DENATRAN 63/09 e 59/07 e alterações ",Transitar com o veículo com excesso de peso - Por Eixo,1805
60ab8f18ef5d383ce8403e98,Excesso de Peso,8,MS,"Lei 9503/97 Lei 10561/02 Res. CONTRAN nº 210/06, 211/06 e 258/07 e alterações Portaria DENATRAN 63/09 e 59/07 e alterações ",Transitar com o veículo com excesso de peso - PBT/PBTC,8
60ab8f18ef5d383ce8403e99,Excesso de Peso,8,MS,"Lei 9503/97 Lei 10561/02 Res. CONTRAN nº 210/06, 211/06 e 258/07 e alterações Portaria DENATRAN 63/09 e 59/07 e alterações ",Transitar com o veículo com excesso de peso - PBT/PBTC e Por Eixo,49
60ab8f18ef5d383ce8403e9a,Excesso de Peso,8,MS,"Lei 9503/97 Lei 10561/02 Res. CONTRAN nº 210/06, 211/06 e 258/07 e alterações Portaria DENATRAN 63/09 e 59/07 e alterações ",Transitar com o veículo com excesso de peso - Por Eixo,81
60ab8f18ef5d383ce8403e9b,Excesso de Peso,8,RJ,Resolução ANTT Nº 4282 DE 17/03/2014,"Realizar transporte permissionado de passageiros, sem a emissão de bilhete.",1
60ab8f18ef5d383ce8403e9c,Excesso de Peso,8,RJ,"Lei 9503/97 Lei 10561/02 Res. CONTRAN nº 210/06, 211/06 e 258/07 e alterações Portaria DENATRAN 63/09 e 59/07 e alterações ",Transitar com o veículo com excesso de peso - PBT/PBTC,468
60ab8f18ef5d383ce8403e9d,Excesso de Peso,8,RJ,"Lei 9503/97 Lei 10561/02 Res. CONTRAN nº 210/06, 211/06 e 258/07 e alterações Portaria DENATRAN 63/09 e 59/07 e alterações ",Transitar com o veículo com excesso de peso - PBT/PBTC e Por Eixo,563
60ab8f18ef5d383ce8403e9e,Excesso de Peso,8,RJ,"Lei 9503/97 Lei 10561/02 Res. CONTRAN nº 210/06, 211/06 e 258/07 e alterações Portaria DENATRAN 63/09 e 59/07 e alterações ",Transitar com o veículo com excesso de peso - Por Eixo,4226
60ab8f18ef5d383ce8403e9f,Excesso de Peso,8,RS,"Lei 9503/97 Lei 10561/02 Res. CONTRAN nº 210/06, 211/06 e 258/07 e alterações Portaria DENATRAN 63/09 e 59/07 e alterações ",Transitar com o veículo com excesso de peso - PBT/PBTC,99
60ab8f18ef5d383ce8403ea0,Excesso de Peso,8,RS,"Lei 9503/97 Lei 10561/02 Res. CONTRAN nº 210/06, 211/06 e 258/07 e alterações Portaria DENATRAN 63/09 e 59/07 e alterações ",Transitar com o veículo com excesso de peso - PBT/PBTC e Por Eixo,112
60ab8f18ef5d383ce8403ea1,Excesso de Peso,8,RS,"Lei 9503/97 Lei 10561/02 Res. CONTRAN nº 210/06, 211/06 e 258/07 e alterações Portaria DENATRAN 63/09 e 59/07 e alterações ",Transitar com o veículo com excesso de peso - Por Eixo,667
60ab8f18ef5d383ce8403ea2,Excesso de Peso,8,SC,"Lei 9503/97 Lei 10561/02 Res. CONTRAN nº 210/06, 211/06 e 258/07 e alterações Portaria DENATRAN 63/09 e 59/07 e alterações ",Transitar com o veículo com excesso de peso - PBT/PBTC,34
60ab8f18ef5d383ce8403ea3,Excesso de Peso,8,SC,"Lei 9503/97 Lei 10561/02 Res. CONTRAN nº 210/06, 211/06 e 258/07 e alterações Portaria DENATRAN 63/09 e 59/07 e alterações ",Transitar com o veículo com excesso de peso - PBT/PBTC e Por Eixo,76
60ab8f18ef5d383ce8403ea4,Excesso de Peso,8,SC,"Lei 9503/97 Lei 10561/02 Res. CONTRAN nº 210/06, 211/06 e 258/07 e alterações Portaria DENATRAN 63/09 e 59/07 e alterações ",Transitar com o veículo com excesso de peso - Por Eixo,407
60ab8f18ef5d383ce8403ea5,Excesso de Peso,8,SP,"Lei 9503/97 Lei 10561/02 Res. CONTRAN nº 210/06, 211/06 e 258/07 e alterações Portaria DENATRAN 63/09 e 59/07 e alterações ",Transitar com o veículo com excesso de peso - PBT/PBTC,47
60ab8f18ef5d383ce8403ea6,Excesso de Peso,8,SP,"Lei 9503/97 Lei 10561/02 Res. CONTRAN nº 210/06, 211/06 e 258/07 e alterações Portaria DENATRAN 63/09 e 59/07 e alterações ",Transitar com o veículo com excesso de peso - PBT/PBTC e Por Eixo,66
60ab8f18ef5d383ce8403ea7,Excesso de Peso,8,SP,"Lei 9503/97 Lei 10561/02 Res. CONTRAN nº 210/06, 211/06 e 258/07 e alterações Portaria DENATRAN 63/09 e 59/07 e alterações ",Transitar com o veículo com excesso de peso - Por Eixo,627
60ab8f18ef5d383ce8403ea8,CMT - Capacidade Máxima de Tração,9,ES,"Lei 9503/97 Lei 10561/02 Res. CONTRAN nº 210/06, 211/06 e 258/07 e alterações Portaria DENATRAN 63/09 e 59/07 e alterações ",Transitar com o veículo excedendo a CMT acima de 1000 kg,1
60ab8f18ef5d383ce8403ea9,CMT - Capacidade Máxima de Tração,9,MG,"Lei 9503/97 Lei 10561/02 Res. CONTRAN nº 210/06, 211/06 e 258/07 e alterações Portaria DENATRAN 63/09 e 59/07 e alterações ",Transitar com o veículo excedendo a CMT acima de 1000 kg,2
60ab8f18ef5d383ce8403eaa,CMT - Capacidade Máxima de Tração,9,MG,"Lei 9503/97 Lei 10561/02 Res. CONTRAN nº 210/06, 211/06 e 258/07 e alterações Portaria DENATRAN 63/09 e 59/07 e alterações ",Transitar com o veículo excedendo a CMT em até 600 kg,2
60ab8f18ef5d383ce8403eab,CMT - Capacidade Máxima de Tração,9,MS,"Lei 9503/97 Lei 10561/02 Res. CONTRAN nº 210/06, 211/06 e 258/07 e alterações Portaria DENATRAN 63/09 e 59/07 e alterações ",Transitar com o veículo excedendo a CMT em até 600 kg,1
60ab8f18ef5d383ce8403eac,CMT - Capacidade Máxima de Tração,9,MS,"Lei 9503/97 Lei 10561/02 Res. CONTRAN nº 210/06, 211/06 e 258/07 e alterações Portaria DENATRAN 63/09 e 59/07 e alterações ",Transitar com o veículo excedendo a CMT acima de 1000 kg,5
60ab8f18ef5d383ce8403ead,CMT - Capacidade Máxima de Tração,9,RJ,"Lei 9503/97 Lei 10561/02 Res. CONTRAN nº 210/06, 211/06 e 258/07 e alterações Portaria DENATRAN 63/09 e 59/07 e alterações ",Transitar com o veículo excedendo a CMT acima de 1000 kg,2
60ab8f18ef5d383ce8403eae,CMT - Capacidade Máxima de Tração,9,RJ,"Lei 9503/97 Lei 10561/02 Res. CONTRAN nº 210/06, 211/06 e 258/07 e alterações Portaria DENATRAN 63/09 e 59/07 e alterações ",Transitar com o veículo excedendo a CMT em até 600 kg,4
60ab8f18ef5d383ce8403eaf,CMT - Capacidade Máxima de Tração,9,SP,"Lei 9503/97 Lei 10561/02 Res. CONTRAN nº 210/06, 211/06 e 258/07 e alterações Portaria DENATRAN 63/09 e 59/07 e alterações ",Transitar com o veículo excedendo a CMT acima de 1000 kg,1
60ab8f18ef5d383ce8403eb0,Evasão de Balança,9,ES,"Lei 9503 DE 23/09/1997 Transpor, sem autorização, bloqueio viário com ou sem sinalização ou dispositivos auxiliares, deixar de adentrar às áreas destinadas à pesagem de veículos ou evadir-se para não efetuar o pagamento do pedágio.",Art. 209 Deixar de adentrar as áreas destinadas à pesagem de veículos,78
60ab8f18ef5d383ce8403eb1,Evasão de Balança,9,RJ,"Lei 9503 DE 23/09/1997 Transpor, sem autorização, bloqueio viário com ou sem sinalização ou dispositivos auxiliares, deixar de adentrar às áreas destinadas à pesagem de veículos ou evadir-se para não efetuar o pagamento do pedágio.",Art. 209 Deixar de adentrar as áreas destinadas à pesagem de veículos,4920
60ab8f18ef5d383ce8403eb2,Evasão de Balança,9,SP,"Lei 9503 DE 23/09/1997 Transpor, sem autorização, bloqueio viário com ou sem sinalização ou dispositivos auxiliares, deixar de adentrar às áreas destinadas à pesagem de veículos ou evadir-se para não efetuar o pagamento do pedágio.",Art. 209 Deixar de adentrar as áreas destinadas à pesagem de veículos,108
60ab8f18ef5d383ce8403eb3,Excesso de Peso,9,ES,"Lei 9503/97 Lei 10561/02 Res. CONTRAN nº 210/06, 211/06 e 258/07 e alterações Portaria DENATRAN 63/09 e 59/07 e alterações ",Transitar com o veículo com excesso de peso - PBT/PBTC,147
60ab8f18ef5d383ce8403eb4,Excesso de Peso,9,ES,"Lei 9503/97 Lei 10561/02 Res. CONTRAN nº 210/06, 211/06 e 258/07 e alterações Portaria DENATRAN 63/09 e 59/07 e alterações ",Transitar com o veículo com excesso de peso - PBT/PBTC e Por Eixo,263
60ab8f18ef5d383ce8403eb5,Excesso de Peso,9,ES,"Lei 9503/97 Lei 10561/02 Res. CONTRAN nº 210/06, 211/06 e 258/07 e alterações Portaria DENATRAN 63/09 e 59/07 e alterações ",Transitar com o veículo com excesso de peso - Por Eixo,1897
60ab8f18ef5d383ce8403eb6,Excesso de Peso,9,GO,"Lei 9503/97 Lei 10561/02 Res. CONTRAN nº 210/06, 211/06 e 258/07 e alterações Portaria DENATRAN 63/09 e 59/07 e alterações ",Transitar com o veículo com excesso de peso - PBT/PBTC,9
60ab8f18ef5d383ce8403eb7,Excesso de Peso,9,GO,"Lei 9503/97 Lei 10561/02 Res. CONTRAN nº 210/06, 211/06 e 258/07 e alterações Portaria DENATRAN 63/09 e 59/07 e alterações ",Transitar com o veículo com excesso de peso - PBT/PBTC e Por Eixo,22
60ab8f18ef5d383ce8403eb8,Excesso de Peso,9,GO,"Lei 9503/97 Lei 10561/02 Res. CONTRAN nº 210/06, 211/06 e 258/07 e alterações Portaria DENATRAN 63/09 e 59/07 e alterações ",Transitar com o veículo com excesso de peso - Por Eixo,114
60ab8f18ef5d383ce8403eb9,Excesso de Peso,9,MG,"Lei 9503/97 Lei 10561/02 Res. CONTRAN nº 210/06, 211/06 e 258/07 e alterações Portaria DENATRAN 63/09 e 59/07 e alterações ",Transitar com o veículo com excesso de peso - PBT/PBTC,124
60ab8f18ef5d383ce8403eba,Excesso de Peso,9,MG,"Lei 9503/97 Lei 10561/02 Res. CONTRAN nº 210/06, 211/06 e 258/07 e alterações Portaria DENATRAN 63/09 e 59/07 e alterações ",Transitar com o veículo com excesso de peso - PBT/PBTC e Por Eixo,233
60ab8f18ef5d383ce8403ebb,Excesso de Peso,9,MG,"Lei 9503/97 Lei 10561/02 Res. CONTRAN nº 210/06, 211/06 e 258/07 e alterações Portaria DENATRAN 63/09 e 59/07 e alterações ",Transitar com o veículo com excesso de peso - Por Eixo,1264
60ab8f18ef5d383ce8403ebc,Excesso de Peso,9,MS,"Lei 9503/97 Lei 10561/02 Res. CONTRAN nº 210/06, 211/06 e 258/07 e alterações Portaria DENATRAN 63/09 e 59/07 e alterações ",Transitar com o veículo com excesso de peso - PBT/PBTC,13
60ab8f18ef5d383ce8403ebd,Excesso de Peso,9,MS,"Lei 9503/97 Lei 10561/02 Res. CONTRAN nº 210/06, 211/06 e 258/07 e alterações Portaria DENATRAN 63/09 e 59/07 e alterações ",Transitar com o veículo com excesso de peso - PBT/PBTC e Por Eixo,65
60ab8f18ef5d383ce8403ebe,Excesso de Peso,9,MS,"Lei 9503/97 Lei 10561/02 Res. CONTRAN nº 210/06, 211/06 e 258/07 e alterações Portaria DENATRAN 63/09 e 59/07 e alterações ",Transitar com o veículo com excesso de peso - Por Eixo,98
60ab8f18ef5d383ce8403ebf,Excesso de Peso,9,RJ,"Lei 9503/97 Lei 10561/02 Res. CONTRAN nº 210/06, 211/06 e 258/07 e alterações Portaria DENATRAN 63/09 e 59/07 e alterações ",Transitar com o veículo com excesso de peso - PBT/PBTC,271
60ab8f18ef5d383ce8403ec0,Excesso de Peso,9,RJ,"Lei 9503/97 Lei 10561/02 Res. CONTRAN nº 210/06, 211/06 e 258/07 e alterações Portaria DENATRAN 63/09 e 59/07 e alterações ",Transitar com o veículo com excesso de peso - PBT/PBTC e Por Eixo,309
60ab8f18ef5d383ce8403ec1,Excesso de Peso,9,RJ,"Lei 9503/97 Lei 10561/02 Res. CONTRAN nº 210/06, 211/06 e 258/07 e alterações Portaria DENATRAN 63/09 e 59/07 e alterações ",Transitar com o veículo com excesso de peso - Por Eixo,2215
60ab8f18ef5d383ce8403ec2,Excesso de Peso,9,RS,"Lei 9503/97 Lei 10561/02 Res. CONTRAN nº 210/06, 211/06 e 258/07 e alterações Portaria DENATRAN 63/09 e 59/07 e alterações ",Transitar com o veículo com excesso de peso - PBT/PBTC,42
60ab8f18ef5d383ce8403ec3,Excesso de Peso,9,RS,"Lei 9503/97 Lei 10561/02 Res. CONTRAN nº 210/06, 211/06 e 258/07 e alterações Portaria DENATRAN 63/09 e 59/07 e alterações ",Transitar com o veículo com excesso de peso - PBT/PBTC e Por Eixo,80
60ab8f18ef5d383ce8403ec4,Excesso de Peso,9,RS,"Lei 9503/97 Lei 10561/02 Res. CONTRAN nº 210/06, 211/06 e 258/07 e alterações Portaria DENATRAN 63/09 e 59/07 e alterações ",Transitar com o veículo com excesso de peso - Por Eixo,598
60ab8f18ef5d383ce8403ec5,Excesso de Peso,9,SC,"Lei 9503/97 Lei 10561/02 Res. CONTRAN nº 210/06, 211/06 e 258/07 e alterações Portaria DENATRAN 63/09 e 59/07 e alterações ",Transitar com o veículo com excesso de peso - PBT/PBTC e Por Eixo,40
60ab8f18ef5d383ce8403ec6,Excesso de Peso,9,SC,"Lei 9503/97 Lei 10561/02 Res. CONTRAN nº 210/06, 211/06 e 258/07 e alterações Portaria DENATRAN 63/09 e 59/07 e alterações ",Transitar com o veículo com excesso de peso - PBT/PBTC,47
60ab8f18ef5d383ce8403ec7,Excesso de Peso,9,SC,"Lei 9503/97 Lei 10561/02 Res. CONTRAN nº 210/06, 211/06 e 258/07 e alterações Portaria DENATRAN 63/09 e 59/07 e alterações ",Transitar com o veículo com excesso de peso - Por Eixo,424
60ab8f18ef5d383ce8403ec8,Excesso de Peso,9,SP,"Lei 9503/97 Lei 10561/02 Res. CONTRAN nº 210/06, 211/06 e 258/07 e alterações Portaria DENATRAN 63/09 e 59/07 e alterações ",Transitar com o veículo com excesso de peso - PBT/PBTC,120
60ab8f18ef5d383ce8403ec9,Excesso de Peso,9,SP,"Lei 9503/97 Lei 10561/02 Res. CONTRAN nº 210/06, 211/06 e 258/07 e alterações Portaria DENATRAN 63/09 e 59/07 e alterações ",Transitar com o veículo com excesso de peso - PBT/PBTC e Por Eixo,164
60ab8f18ef5d383ce8403eca,Excesso de Peso,9,SP,"Lei 9503/97 Lei 10561/02 Res. CONTRAN nº 210/06, 211/06 e 258/07 e alterações Portaria DENATRAN 63/09 e 59/07 e alterações ",Transitar com o veículo com excesso de peso - Por Eixo,851
60ab8f18ef5d383ce8403ecb,CMT - Capacidade Máxima de Tração,10,ES,"Lei 9503/97 Lei 10561/02 Res. CONTRAN nº 210/06, 211/06 e 258/07 e alterações Portaria DENATRAN 63/09 e 59/07 e alterações ",Transitar com o veículo excedendo a CMT em até 600 kg,1
60ab8f18ef5d383ce8403ecc,CMT - Capacidade Máxima de Tração,10,ES,"Lei 9503/97 Lei 10561/02 Res. CONTRAN nº 210/06, 211/06 e 258/07 e alterações Portaria DENATRAN 63/09 e 59/07 e alterações ",Transitar com o veículo excedendo a CMT acima de 1000 kg,4
60ab8f18ef5d383ce8403ecd,CMT - Capacidade Máxima de Tração,10,MG,"Lei 9503/97 Lei 10561/02 Res. CONTRAN nº 210/06, 211/06 e 258/07 e alterações Portaria DENATRAN 63/09 e 59/07 e alterações ",Transitar com o veículo excedendo a CMT acima de 1000 kg,2
60ab8f18ef5d383ce8403ece,CMT - Capacidade Máxima de Tração,10,MS,"Lei 9503/97 Lei 10561/02 Res. CONTRAN nº 210/06, 211/06 e 258/07 e alterações Portaria DENATRAN 63/09 e 59/07 e alterações ",Transitar com o veículo excedendo a CMT acima de 1000 kg,2
60ab8f18ef5d383ce8403ecf,CMT - Capacidade Máxima de Tração,10,RJ,"Lei 9503/97 Lei 10561/02 Res. CONTRAN nº 210/06, 211/06 e 258/07 e alterações Portaria DENATRAN 63/09 e 59/07 e alterações ",Transitar com o veículo excedendo a CMT entre 601 e 1000 kg,2
60ab8f18ef5d383ce8403ed0,CMT - Capacidade Máxima de Tração,10,RJ,"Lei 9503/97 Lei 10561/02 Res. CONTRAN nº 210/06, 211/06 e 258/07 e alterações Portaria DENATRAN 63/09 e 59/07 e alterações ",Transitar com o veículo excedendo a CMT acima de 1000 kg,6
60ab8f18ef5d383ce8403ed1,CMT - Capacidade Máxima de Tração,10,RJ,"Lei 9503/97 Lei 10561/02 Res. CONTRAN nº 210/06, 211/06 e 258/07 e alterações Portaria DENATRAN 63/09 e 59/07 e alterações ",Transitar com o veículo excedendo a CMT em até 600 kg,9
60ab8f18ef5d383ce8403ed2,CMT - Capacidade Máxima de Tração,10,SC,"Lei 9503/97 Lei 10561/02 Res. CONTRAN nº 210/06, 211/06 e 258/07 e alterações Portaria DENATRAN 63/09 e 59/07 e alterações ",Transitar com o veículo excedendo a CMT acima de 1000 kg,1
60ab8f18ef5d383ce8403ed3,CMT - Capacidade Máxima de Tração,10,SP,"Lei 9503/97 Lei 10561/02 Res. CONTRAN nº 210/06, 211/06 e 258/07 e alterações Portaria DENATRAN 63/09 e 59/07 e alterações ",Transitar com o veículo excedendo a CMT acima de 1000 kg,1
60ab8f18ef5d383ce8403ed4,Evasão de Balança,10,ES,"Lei 9503 DE 23/09/1997 Transpor, sem autorização, bloqueio viário com ou sem sinalização ou dispositivos auxiliares, deixar de adentrar às áreas destinadas à pesagem de veículos ou evadir-se para não efetuar o pagamento do pedágio.",Art. 209 Deixar de adentrar as áreas destinadas à pesagem de veículos,817
60ab8f18ef5d383ce8403ed5,Evasão de Balança,10,RJ,"Lei 9503 DE 23/09/1997 Transpor, sem autorização, bloqueio viário com ou sem sinalização ou dispositivos auxiliares, deixar de adentrar às áreas destinadas à pesagem de veículos ou evadir-se para não efetuar o pagamento do pedágio.",Art. 209 Deixar de adentrar as áreas destinadas à pesagem de veículos,4302
60ab8f18ef5d383ce8403ed6,Evasão de Balança,10,SP,"Lei 9503 DE 23/09/1997 Transpor, sem autorização, bloqueio viário com ou sem sinalização ou dispositivos auxiliares, deixar de adentrar às áreas destinadas à pesagem de veículos ou evadir-se para não efetuar o pagamento do pedágio.",Art. 209 Deixar de adentrar as áreas destinadas à pesagem de veículos,1067
60ab8f18ef5d383ce8403ed7,Excesso de Peso,10,ES,"Lei 9503/97 Lei 10561/02 Res. CONTRAN nº 210/06, 211/06 e 258/07 e alterações Portaria DENATRAN 63/09 e 59/07 e alterações ",Transitar com o veículo com excesso de peso - PBT/PBTC,242
60ab8f18ef5d383ce8403ed8,Excesso de Peso,10,ES,"Lei 9503/97 Lei 10561/02 Res. CONTRAN nº 210/06, 211/06 e 258/07 e alterações Portaria DENATRAN 63/09 e 59/07 e alterações ",Transitar com o veículo com excesso de peso - PBT/PBTC e Por Eixo,344
60ab8f18ef5d383ce8403ed9,Excesso de Peso,10,ES,"Lei 9503/97 Lei 10561/02 Res. CONTRAN nº 210/06, 211/06 e 258/07 e alterações Portaria DENATRAN 63/09 e 59/07 e alterações ",Transitar com o veículo com excesso de peso - Por Eixo,2314
60ab8f18ef5d383ce8403eda,Excesso de Peso,10,GO,"Lei 9503/97 Lei 10561/02 Res. CONTRAN nº 210/06, 211/06 e 258/07 e alterações Portaria DENATRAN 63/09 e 59/07 e alterações ",Transitar com o veículo com excesso de peso - PBT/PBTC e Por Eixo,1
60ab8f18ef5d383ce8403edb,Excesso de Peso,10,GO,"Lei 9503/97 Lei 10561/02 Res. CONTRAN nº 210/06, 211/06 e 258/07 e alterações Portaria DENATRAN 63/09 e 59/07 e alterações ",Transitar com o veículo com excesso de peso - Por Eixo,4
60ab8f18ef5d383ce8403edc,Excesso de Peso,10,MG,"Lei 9503/97 Lei 10561/02 Res. CONTRAN nº 210/06, 211/06 e 258/07 e alterações Portaria DENATRAN 63/09 e 59/07 e alterações ",Transitar com o veículo com excesso de peso - PBT/PBTC,81
60ab8f18ef5d383ce8403edd,Excesso de Peso,10,MG,"Lei 9503/97 Lei 10561/02 Res. CONTRAN nº 210/06, 211/06 e 258/07 e alterações Portaria DENATRAN 63/09 e 59/07 e alterações ",Transitar com o veículo com excesso de peso - PBT/PBTC e Por Eixo,167
60ab8f18ef5d383ce8403ede,Excesso de Peso,10,MG,"Lei 9503/97 Lei 10561/02 Res. CONTRAN nº 210/06, 211/06 e 258/07 e alterações Portaria DENATRAN 63/09 e 59/07 e alterações ",Transitar com o veículo com excesso de peso - Por Eixo,1040
60ab8f18ef5d383ce8403edf,Excesso de Peso,10,MS,"Lei 9503/97 Lei 10561/02 Res. CONTRAN nº 210/06, 211/06 e 258/07 e alterações Portaria DENATRAN 63/09 e 59/07 e alterações ",Transitar com o veículo com excesso de peso - PBT/PBTC,12
60ab8f18ef5d383ce8403ee0,Excesso de Peso,10,MS,"Lei 9503/97 Lei 10561/02 Res. CONTRAN nº 210/06, 211/06 e 258/07 e alterações Portaria DENATRAN 63/09 e 59/07 e alterações ",Transitar com o veículo com excesso de peso - PBT/PBTC e Por Eixo,38
60ab8f18ef5d383ce8403ee1,Excesso de Peso,10,MS,"Lei 9503/97 Lei 10561/02 Res. CONTRAN nº 210/06, 211/06 e 258/07 e alterações Portaria DENATRAN 63/09 e 59/07 e alterações ",Transitar com o veículo com excesso de peso - Por Eixo,92
60ab8f18ef5d383ce8403ee2,Excesso de Peso,10,RJ,"Lei 9503/97 Lei 10561/02 Res. CONTRAN nº 210/06, 211/06 e 258/07 e alterações Portaria DENATRAN 63/09 e 59/07 e alterações ",Transitar com o veículo com excesso de peso - PBT/PBTC,395
60ab8f18ef5d383ce8403ee3,Excesso de Peso,10,RJ,"Lei 9503/97 Lei 10561/02 Res. CONTRAN nº 210/06, 211/06 e 258/07 e alterações Portaria DENATRAN 63/09 e 59/07 e alterações ",Transitar com o veículo com excesso de peso - PBT/PBTC e Por Eixo,500
60ab8f18ef5d383ce8403ee4,Excesso de Peso,10,RJ,"Lei 9503/97 Lei 10561/02 Res. CONTRAN nº 210/06, 211/06 e 258/07 e alterações Portaria DENATRAN 63/09 e 59/07 e alterações ",Transitar com o veículo com excesso de peso - Por Eixo,2777
60ab8f18ef5d383ce8403ee5,Excesso de Peso,10,RS,"Lei 9503/97 Lei 10561/02 Res. CONTRAN nº 210/06, 211/06 e 258/07 e alterações Portaria DENATRAN 63/09 e 59/07 e alterações ",Transitar com o veículo com excesso de peso - PBT/PBTC,67
60ab8f18ef5d383ce8403ee6,Excesso de Peso,10,RS,"Lei 9503/97 Lei 10561/02 Res. CONTRAN nº 210/06, 211/06 e 258/07 e alterações Portaria DENATRAN 63/09 e 59/07 e alterações ",Transitar com o veículo com excesso de peso - PBT/PBTC e Por Eixo,101
60ab8f18ef5d383ce8403ee7,Excesso de Peso,10,RS,"Lei 9503/97 Lei 10561/02 Res. CONTRAN nº 210/06, 211/06 e 258/07 e alterações Portaria DENATRAN 63/09 e 59/07 e alterações ",Transitar com o veículo com excesso de peso - Por Eixo,512
60ab8f18ef5d383ce8403ee8,Excesso de Peso,10,SC,"Lei 9503/97 Lei 10561/02 Res. CONTRAN nº 210/06, 211/06 e 258/07 e alterações Portaria DENATRAN 63/09 e 59/07 e alterações ",Transitar com o veículo com excesso de peso - PBT/PBTC,39
60ab8f18ef5d383ce8403ee9,Excesso de Peso,10,SC,"Lei 9503/97 Lei 10561/02 Res. CONTRAN nº 210/06, 211/06 e 258/07 e alterações Portaria DENATRAN 63/09 e 59/07 e alterações ",Transitar com o veículo com excesso de peso - PBT/PBTC e Por Eixo,67
60ab8f18ef5d383ce8403eea,Excesso de Peso,10,SC,"Lei 9503/97 Lei 10561/02 Res. CONTRAN nº 210/06, 211/06 e 258/07 e alterações Portaria DENATRAN 63/09 e 59/07 e alterações ",Transitar com o veículo com excesso de peso - Por Eixo,596
60ab8f18ef5d383ce8403eeb,Excesso de Peso,10,SP,"Lei 9503/97 Lei 10561/02 Res. CONTRAN nº 210/06, 211/06 e 258/07 e alterações Portaria DENATRAN 63/09 e 59/07 e alterações ",Transitar com o veículo com excesso de peso - PBT/PBTC,115
60ab8f18ef5d383ce8403eec,Excesso de Peso,10,SP,"Lei 9503/97 Lei 10561/02 Res. CONTRAN nº 210/06, 211/06 e 258/07 e alterações Portaria DENATRAN 63/09 e 59/07 e alterações ",Transitar com o veículo com excesso de peso - PBT/PBTC e Por Eixo,139
60ab8f18ef5d383ce8403eed,Excesso de Peso,10,SP,"Lei 9503/97 Lei 10561/02 Res. CONTRAN nº 210/06, 211/06 e 258/07 e alterações Portaria DENATRAN 63/09 e 59/07 e alterações ",Transitar com o veículo com excesso de peso - Por Eixo,802
60ab8f18ef5d383ce8403eee,CMT - Capacidade Máxima de Tração,11,ES,"Lei 9503/97 Lei 10561/02 Res. CONTRAN nº 210/06, 211/06 e 258/07 e alterações Portaria DENATRAN 63/09 e 59/07 e alterações ",Transitar com o veículo excedendo a CMT acima de 1000 kg,2
60ab8f18ef5d383ce8403eef,CMT - Capacidade Máxima de Tração,11,MS,"Lei 9503/97 Lei 10561/02 Res. CONTRAN nº 210/06, 211/06 e 258/07 e alterações Portaria DENATRAN 63/09 e 59/07 e alterações ",Transitar com o veículo excedendo a CMT acima de 1000 kg,1
60ab8f18ef5d383ce8403ef0,CMT - Capacidade Máxima de Tração,11,RJ,"Lei 9503/97 Lei 10561/02 Res. CONTRAN nº 210/06, 211/06 e 258/07 e alterações Portaria DENATRAN 63/09 e 59/07 e alterações ",Transitar com o veículo excedendo a CMT entre 601 e 1000 kg,3
60ab8f18ef5d383ce8403ef1,CMT - Capacidade Máxima de Tração,11,RJ,"Lei 9503/97 Lei 10561/02 Res. CONTRAN nº 210/06, 211/06 e 258/07 e alterações Portaria DENATRAN 63/09 e 59/07 e alterações ",Transitar com o veículo excedendo a CMT acima de 1000 kg,4
60ab8f18ef5d383ce8403ef2,CMT - Capacidade Máxima de Tração,11,RJ,"Lei 9503/97 Lei 10561/02 Res. CONTRAN nº 210/06, 211/06 e 258/07 e alterações Portaria DENATRAN 63/09 e 59/07 e alterações ",Transitar com o veículo excedendo a CMT em até 600 kg,18
60ab8f18ef5d383ce8403ef3,CMT - Capacidade Máxima de Tração,11,SP,"Lei 9503/97 Lei 10561/02 Res. CONTRAN nº 210/06, 211/06 e 258/07 e alterações Portaria DENATRAN 63/09 e 59/07 e alterações ",Transitar com o veículo excedendo a CMT acima de 1000 kg,1
60ab8f18ef5d383ce8403ef4,Evasão de Balança,11,ES,"Lei 9503 DE 23/09/1997 Transpor, sem autorização, bloqueio viário com ou sem sinalização ou dispositivos auxiliares, deixar de adentrar às áreas destinadas à pesagem de veículos ou evadir-se para não efetuar o pagamento do pedágio.",Art. 209 Deixar de adentrar as áreas destinadas à pesagem de veículos,1130
60ab8f18ef5d383ce8403ef5,Evasão de Balança,11,RJ,"Lei 9503 DE 23/09/1997 Transpor, sem autorização, bloqueio viário com ou sem sinalização ou dispositivos auxiliares, deixar de adentrar às áreas destinadas à pesagem de veículos ou evadir-se para não efetuar o pagamento do pedágio.",Art. 209 Deixar de adentrar as áreas destinadas à pesagem de veículos,8413
60ab8f18ef5d383ce8403ef6,Evasão de Balança,11,SP,"Lei 9503 DE 23/09/1997 Transpor, sem autorização, bloqueio viário com ou sem sinalização ou dispositivos auxiliares, deixar de adentrar às áreas destinadas à pesagem de veículos ou evadir-se para não efetuar o pagamento do pedágio.",Art. 209 Deixar de adentrar as áreas destinadas à pesagem de veículos,733
60ab8f18ef5d383ce8403ef7,Excesso de Peso,11,ES,"Lei 9503/97 Lei 10561/02 Res. CONTRAN nº 210/06, 211/06 e 258/07 e alterações Portaria DENATRAN 63/09 e 59/07 e alterações ",Transitar com o veículo com excesso de peso - PBT/PBTC,163
60ab8f18ef5d383ce8403ef8,Excesso de Peso,11,ES,"Lei 9503/97 Lei 10561/02 Res. CONTRAN nº 210/06, 211/06 e 258/07 e alterações Portaria DENATRAN 63/09 e 59/07 e alterações ",Transitar com o veículo com excesso de peso - PBT/PBTC e Por Eixo,249
60ab8f18ef5d383ce8403ef9,Excesso de Peso,11,ES,"Lei 9503/97 Lei 10561/02 Res. CONTRAN nº 210/06, 211/06 e 258/07 e alterações Portaria DENATRAN 63/09 e 59/07 e alterações ",Transitar com o veículo com excesso de peso - Por Eixo,2030
60ab8f18ef5d383ce8403efa,Excesso de Peso,11,MG,"Lei 9503/97 Lei 10561/02 Res. CONTRAN nº 210/06, 211/06 e 258/07 e alterações Portaria DENATRAN 63/09 e 59/07 e alterações ",Transitar com o veículo com excesso de peso - PBT/PBTC,88
60ab8f18ef5d383ce8403efb,Excesso de Peso,11,MG,"Lei 9503/97 Lei 10561/02 Res. CONTRAN nº 210/06, 211/06 e 258/07 e alterações Portaria DENATRAN 63/09 e 59/07 e alterações ",Transitar com o veículo com excesso de peso - PBT/PBTC e Por Eixo,192
60ab8f18ef5d383ce8403efc,Excesso de Peso,11,MG,"Lei 9503/97 Lei 10561/02 Res. CONTRAN nº 210/06, 211/06 e 258/07 e alterações Portaria DENATRAN 63/09 e 59/07 e alterações ",Transitar com o veículo com excesso de peso - Por Eixo,1163
60ab8f18ef5d383ce8403efd,Excesso de Peso,11,MS,"Lei 9503/97 Lei 10561/02 Res. CONTRAN nº 210/06, 211/06 e 258/07 e alterações Portaria DENATRAN 63/09 e 59/07 e alterações ",Transitar com o veículo com excesso de peso - PBT/PBTC,7
60ab8f18ef5d383ce8403efe,Excesso de Peso,11,MS,"Lei 9503/97 Lei 10561/02 Res. CONTRAN nº 210/06, 211/06 e 258/07 e alterações Portaria DENATRAN 63/09 e 59/07 e alterações ",Transitar com o veículo com excesso de peso - PBT/PBTC e Por Eixo,46
60ab8f18ef5d383ce8403eff,Excesso de Peso,11,MS,"Lei 9503/97 Lei 10561/02 Res. CONTRAN nº 210/06, 211/06 e 258/07 e alterações Portaria DENATRAN 63/09 e 59/07 e alterações ",Transitar com o veículo com excesso de peso - Por Eixo,96
60ab8f18ef5d383ce8403f00,Excesso de Peso,11,RJ,"Lei 9503/97 Lei 10561/02 Res. CONTRAN nº 210/06, 211/06 e 258/07 e alterações Portaria DENATRAN 63/09 e 59/07 e alterações ",Transitar com o veículo com excesso de peso - PBT/PBTC,439
60ab8f18ef5d383ce8403f01,Excesso de Peso,11,RJ,"Lei 9503/97 Lei 10561/02 Res. CONTRAN nº 210/06, 211/06 e 258/07 e alterações Portaria DENATRAN 63/09 e 59/07 e alterações ",Transitar com o veículo com excesso de peso - PBT/PBTC e Por Eixo,512
60ab8f18ef5d383ce8403f02,Excesso de Peso,11,RJ,"Lei 9503/97 Lei 10561/02 Res. CONTRAN nº 210/06, 211/06 e 258/07 e alterações Portaria DENATRAN 63/09 e 59/07 e alterações ",Transitar com o veículo com excesso de peso - Por Eixo,4101
60ab8f18ef5d383ce8403f03,Excesso de Peso,11,RS,"Lei 9503/97 Lei 10561/02 Res. CONTRAN nº 210/06, 211/06 e 258/07 e alterações Portaria DENATRAN 63/09 e 59/07 e alterações ",Transitar com o veículo com excesso de peso - PBT/PBTC,62
60ab8f18ef5d383ce8403f04,Excesso de Peso,11,RS,"Lei 9503/97 Lei 10561/02 Res. CONTRAN nº 210/06, 211/06 e 258/07 e alterações Portaria DENATRAN 63/09 e 59/07 e alterações ",Transitar com o veículo com excesso de peso - PBT/PBTC e Por Eixo,81
60ab8f18ef5d383ce8403f05,Excesso de Peso,11,RS,"Lei 9503/97 Lei 10561/02 Res. CONTRAN nº 210/06, 211/06 e 258/07 e alterações Portaria DENATRAN 63/09 e 59/07 e alterações ",Transitar com o veículo com excesso de peso - Por Eixo,683
60ab8f18ef5d383ce8403f06,Excesso de Peso,11,SC,"Lei 9503/97 Lei 10561/02 Res. CONTRAN nº 210/06, 211/06 e 258/07 e alterações Portaria DENATRAN 63/09 e 59/07 e alterações ",Transitar com o veículo com excesso de peso - PBT/PBTC,41
60ab8f18ef5d383ce8403f07,Excesso de Peso,11,SC,"Lei 9503/97 Lei 10561/02 Res. CONTRAN nº 210/06, 211/06 e 258/07 e alterações Portaria DENATRAN 63/09 e 59/07 e alterações ",Transitar com o veículo com excesso de peso - PBT/PBTC e Por Eixo,121
60ab8f18ef5d383ce8403f08,Excesso de Peso,11,SC,"Lei 9503/97 Lei 10561/02 Res. CONTRAN nº 210/06, 211/06 e 258/07 e alterações Portaria DENATRAN 63/09 e 59/07 e alterações ",Transitar com o veículo com excesso de peso - Por Eixo,561
60ab8f18ef5d383ce8403f09,Excesso de Peso,11,SP,"Lei 9503/97 Lei 10561/02 Res. CONTRAN nº 210/06, 211/06 e 258/07 e alterações Portaria DENATRAN 63/09 e 59/07 e alterações ",Transitar com o veículo com excesso de peso - PBT/PBTC,96
60ab8f18ef5d383ce8403f0a,Excesso de Peso,11,SP,"Lei 9503/97 Lei 10561/02 Res. CONTRAN nº 210/06, 211/06 e 258/07 e alterações Portaria DENATRAN 63/09 e 59/07 e alterações ",Transitar com o veículo com excesso de peso - PBT/PBTC e Por Eixo,131
60ab8f18ef5d383ce8403f0b,Excesso de Peso,11,SP,"Lei 9503/97 Lei 10561/02 Res. CONTRAN nº 210/06, 211/06 e 258/07 e alterações Portaria DENATRAN 63/09 e 59/07 e alterações ",Transitar com o veículo com excesso de peso - Por Eixo,756
60ab8f18ef5d383ce8403f0c,CMT - Capacidade Máxima de Tração,12,ES,"Lei 9503/97 Lei 10561/02 Res. CONTRAN nº 210/06, 211/06 e 258/07 e alterações Portaria DENATRAN 63/09 e 59/07 e alterações ",Transitar com o veículo excedendo a CMT acima de 1000 kg,3
60ab8f18ef5d383ce8403f0d,CMT - Capacidade Máxima de Tração,12,MG,"Lei 9503/97 Lei 10561/02 Res. CONTRAN nº 210/06, 211/06 e 258/07 e alterações Portaria DENATRAN 63/09 e 59/07 e alterações ",Transitar com o veículo excedendo a CMT acima de 1000 kg,1
60ab8f18ef5d383ce8403f0e,CMT - Capacidade Máxima de Tração,12,MS,"Lei 9503/97 Lei 10561/02 Res. CONTRAN nº 210/06, 211/06 e 258/07 e alterações Portaria DENATRAN 63/09 e 59/07 e alterações ",Transitar com o veículo excedendo a CMT acima de 1000 kg,4
60ab8f18ef5d383ce8403f0f,CMT - Capacidade Máxima de Tração,12,RJ,"Lei 9503/97 Lei 10561/02 Res. CONTRAN nº 210/06, 211/06 e 258/07 e alterações Portaria DENATRAN 63/09 e 59/07 e alterações ",Transitar com o veículo excedendo a CMT entre 601 e 1000 kg,1
60ab8f18ef5d383ce8403f10,CMT - Capacidade Máxima de Tração,12,RJ,"Lei 9503/97 Lei 10561/02 Res. CONTRAN nº 210/06, 211/06 e 258/07 e alterações Portaria DENATRAN 63/09 e 59/07 e alterações ",Transitar com o veículo excedendo a CMT acima de 1000 kg,3
60ab8f18ef5d383ce8403f11,CMT - Capacidade Máxima de Tração,12,RJ,"Lei 9503/97 Lei 10561/02 Res. CONTRAN nº 210/06, 211/06 e 258/07 e alterações Portaria DENATRAN 63/09 e 59/07 e alterações ",Transitar com o veículo excedendo a CMT em até 600 kg,4
60ab8f18ef5d383ce8403f12,CMT - Capacidade Máxima de Tração,12,RS,"Lei 9503/97 Lei 10561/02 Res. CONTRAN nº 210/06, 211/06 e 258/07 e alterações Portaria DENATRAN 63/09 e 59/07 e alterações ",Transitar com o veículo excedendo a CMT acima de 1000 kg,2
60ab8f18ef5d383ce8403f13,CMT - Capacidade Máxima de Tração,12,SC,"Lei 9503/97 Lei 10561/02 Res. CONTRAN nº 210/06, 211/06 e 258/07 e alterações Portaria DENATRAN 63/09 e 59/07 e alterações ",Transitar com o veículo excedendo a CMT acima de 1000 kg,1
60ab8f18ef5d383ce8403f14,CMT - Capacidade Máxima de Tração,12,SP,"Lei 9503/97 Lei 10561/02 Res. CONTRAN nº 210/06, 211/06 e 258/07 e alterações Portaria DENATRAN 63/09 e 59/07 e alterações ",Transitar com o veículo excedendo a CMT acima de 1000 kg,1
60ab8f18ef5d383ce8403f15,Evasão de Balança,12,ES,"Lei 9503 DE 23/09/1997 Transpor, sem autorização, bloqueio viário com ou sem sinalização ou dispositivos auxiliares, deixar de adentrar às áreas destinadas à pesagem de veículos ou evadir-se para não efetuar o pagamento do pedágio.",Art. 209 Deixar de adentrar as áreas destinadas à pesagem de veículos,727
60ab8f18ef5d383ce8403f16,Evasão de Balança,12,RJ,"Lei 9503 DE 23/09/1997 Transpor, sem autorização, bloqueio viário com ou sem sinalização ou dispositivos auxiliares, deixar de adentrar às áreas destinadas à pesagem de veículos ou evadir-se para não efetuar o pagamento do pedágio.",Art. 209 Deixar de adentrar as áreas destinadas à pesagem de veículos,6186
60ab8f18ef5d383ce8403f17,Evasão de Balança,12,SP,"Lei 9503 DE 23/09/1997 Transpor, sem autorização, bloqueio viário com ou sem sinalização ou dispositivos auxiliares, deixar de adentrar às áreas destinadas à pesagem de veículos ou evadir-se para não efetuar o pagamento do pedágio.",Art. 209 Deixar de adentrar as áreas destinadas à pesagem de veículos,105
60ab8f18ef5d383ce8403f18,Excesso de Peso,12,ES,"Lei 9503/97 Lei 10561/02 Res. CONTRAN nº 210/06, 211/06 e 258/07 e alterações Portaria DENATRAN 63/09 e 59/07 e alterações ",Transitar com o veículo com excesso de peso - PBT/PBTC,132
60ab8f18ef5d383ce8403f19,Excesso de Peso,12,ES,"Lei 9503/97 Lei 10561/02 Res. CONTRAN nº 210/06, 211/06 e 258/07 e alterações Portaria DENATRAN 63/09 e 59/07 e alterações ",Transitar com o veículo com excesso de peso - PBT/PBTC e Por Eixo,217
60ab8f18ef5d383ce8403f1a,Excesso de Peso,12,ES,"Lei 9503/97 Lei 10561/02 Res. CONTRAN nº 210/06, 211/06 e 258/07 e alterações Portaria DENATRAN 63/09 e 59/07 e alterações ",Transitar com o veículo com excesso de peso - Por Eixo,1766
60ab8f18ef5d383ce8403f1b,Excesso de Peso,12,MG,"Lei 9503/97 Lei 10561/02 Res. CONTRAN nº 210/06, 211/06 e 258/07 e alterações Portaria DENATRAN 63/09 e 59/07 e alterações ",Transitar com o veículo com excesso de peso - PBT/PBTC,86
60ab8f18ef5d383ce8403f1c,Excesso de Peso,12,MG,"Lei 9503/97 Lei 10561/02 Res. CONTRAN nº 210/06, 211/06 e 258/07 e alterações Portaria DENATRAN 63/09 e 59/07 e alterações ",Transitar com o veículo com excesso de peso - PBT/PBTC e Por Eixo,157
60ab8f18ef5d383ce8403f1d,Excesso de Peso,12,MG,"Lei 9503/97 Lei 10561/02 Res. CONTRAN nº 210/06, 211/06 e 258/07 e alterações Portaria DENATRAN 63/09 e 59/07 e alterações ",Transitar com o veículo com excesso de peso - Por Eixo,986
60ab8f18ef5d383ce8403f1e,Excesso de Peso,12,MS,"Lei 9503/97 Lei 10561/02 Res. CONTRAN nº 210/06, 211/06 e 258/07 e alterações Portaria DENATRAN 63/09 e 59/07 e alterações ",Transitar com o veículo com excesso de peso - PBT/PBTC,6
60ab8f18ef5d383ce8403f1f,Excesso de Peso,12,MS,"Lei 9503/97 Lei 10561/02 Res. CONTRAN nº 210/06, 211/06 e 258/07 e alterações Portaria DENATRAN 63/09 e 59/07 e alterações ",Transitar com o veículo com excesso de peso - PBT/PBTC e Por Eixo,51
60ab8f18ef5d383ce8403f20,Excesso de Peso,12,MS,"Lei 9503/97 Lei 10561/02 Res. CONTRAN nº 210/06, 211/06 e 258/07 e alterações Portaria DENATRAN 63/09 e 59/07 e alterações ",Transitar com o veículo com excesso de peso - Por Eixo,96
60ab8f18ef5d383ce8403f21,Excesso de Peso,12,PR,"Lei 9503/97 Lei 10561/02 Res. CONTRAN nº 210/06, 211/06 e 258/07 e alterações Portaria DENATRAN 63/09 e 59/07 e alterações ",Transitar com o veículo com excesso de peso - PBT/PBTC,1
60ab8f18ef5d383ce8403f22,Excesso de Peso,12,RJ,"Lei 9503/97 Lei 10561/02 Res. CONTRAN nº 210/06, 211/06 e 258/07 e alterações Portaria DENATRAN 63/09 e 59/07 e alterações ",Transitar com o veículo com excesso de peso - PBT/PBTC,304
60ab8f18ef5d383ce8403f23,Excesso de Peso,12,RJ,"Lei 9503/97 Lei 10561/02 Res. CONTRAN nº 210/06, 211/06 e 258/07 e alterações Portaria DENATRAN 63/09 e 59/07 e alterações ",Transitar com o veículo com excesso de peso - PBT/PBTC e Por Eixo,337
60ab8f18ef5d383ce8403f24,Excesso de Peso,12,RJ,"Lei 9503/97 Lei 10561/02 Res. CONTRAN nº 210/06, 211/06 e 258/07 e alterações Portaria DENATRAN 63/09 e 59/07 e alterações ",Transitar com o veículo com excesso de peso - Por Eixo,2717
60ab8f18ef5d383ce8403f25,Excesso de Peso,12,RS,"Lei 9503/97 Lei 10561/02 Res. CONTRAN nº 210/06, 211/06 e 258/07 e alterações Portaria DENATRAN 63/09 e 59/07 e alterações ",Transitar com o veículo com excesso de peso - PBT/PBTC,33
60ab8f18ef5d383ce8403f26,Excesso de Peso,12,RS,"Lei 9503/97 Lei 10561/02 Res. CONTRAN nº 210/06, 211/06 e 258/07 e alterações Portaria DENATRAN 63/09 e 59/07 e alterações ",Transitar com o veículo com excesso de peso - PBT/PBTC e Por Eixo,41
60ab8f18ef5d383ce8403f27,Excesso de Peso,12,RS,"Lei 9503/97 Lei 10561/02 Res. CONTRAN nº 210/06, 211/06 e 258/07 e alterações Portaria DENATRAN 63/09 e 59/07 e alterações ",Transitar com o veículo com excesso de peso - Por Eixo,328
60ab8f18ef5d383ce8403f28,Excesso de Peso,12,SC,"Lei 9503/97 Lei 10561/02 Res. CONTRAN nº 210/06, 211/06 e 258/07 e alterações Portaria DENATRAN 63/09 e 59/07 e alterações ",Transitar com o veículo com excesso de peso - PBT/PBTC,56
60ab8f18ef5d383ce8403f29,Excesso de Peso,12,SC,"Lei 9503/97 Lei 10561/02 Res. CONTRAN nº 210/06, 211/06 e 258/07 e alterações Portaria DENATRAN 63/09 e 59/07 e alterações ",Transitar com o veículo com excesso de peso - PBT/PBTC e Por Eixo,105
60ab8f18ef5d383ce8403f2a,Excesso de Peso,12,SC,"Lei 9503/97 Lei 10561/02 Res. CONTRAN nº 210/06, 211/06 e 258/07 e alterações Portaria DENATRAN 63/09 e 59/07 e alterações ",Transitar com o veículo com excesso de peso - Por Eixo,516
60ab8f18ef5d383ce8403f2b,Excesso de Peso,12,SP,"Lei 9503/97 Lei 10561/02 Res. CONTRAN nº 210/06, 211/06 e 258/07 e alterações Portaria DENATRAN 63/09 e 59/07 e alterações ",Transitar com o veículo com excesso de peso - PBT/PBTC,37
60ab8f18ef5d383ce8403f2c,Excesso de Peso,12,SP,"Lei 9503/97 Lei 10561/02 Res. CONTRAN nº 210/06, 211/06 e 258/07 e alterações Portaria DENATRAN 63/09 e 59/07 e alterações ",Transitar com o veículo com excesso de peso - PBT/PBTC e Por Eixo,42
60ab8f18ef5d383ce8403f2d,Excesso de Peso,12,SP,"Lei 9503/97 Lei 10561/02 Res. CONTRAN nº 210/06, 211/06 e 258/07 e alterações Portaria DENATRAN 63/09 e 59/07 e alterações ",Transitar com o veículo com excesso de peso - Por Eixo,408
